7.322785209425712260e-17
1.155675196277724323e-16
1.579071871612877542e-16
2.002468546948030516e-16
2.425865222283183735e-16
2.849261897618336955e-16
3.272658572953490175e-16
3.626045515705175229e-16
3.645539887674166674e-16
3.665034259643158118e-16
3.684528631612149070e-16
3.704023003581140514e-16
3.723517375550131959e-16
3.743011747519123404e-16
3.732397340842590765e-16
3.665039466718724770e-16
3.597681592594859268e-16
3.530323718470993273e-16
3.462965844347127279e-16
3.395607970223261777e-16
3.328250096099395782e-16
3.271776797956860088e-16
3.225350800720166990e-16
3.178924803483474385e-16
3.132498806246781781e-16
3.086072809010089176e-16
3.039646811773396078e-16
2.993220814536703473e-16
3.043195127486228971e-16
3.135808039171966162e-16
3.228420950857702859e-16
3.321033862543440049e-16
3.413646774229177239e-16
3.506259685914914429e-16
3.598872597600651620e-16
4.216990688158255113e-16
4.915955729311530611e-16
5.614920770464807095e-16
6.313885811618081607e-16
7.012850852771358091e-16
7.711815893924633589e-16
8.365007047646268379e-16
7.919624903008523207e-16
7.474242758370778035e-16
7.028860613733032863e-16
6.583478469095288678e-16
6.138096324457543506e-16
5.692714179819798334e-16
5.251863782953786928e-16
4.827724205996040150e-16
4.403584629038294358e-16
3.979445052080548566e-16
3.555305475122801787e-16
3.131165898165055995e-16
2.707026321207309710e-16
2.441009761269572568e-16
2.425809021432538516e-16
2.410608281595504463e-16
2.395407541758470410e-16
2.380206801921436357e-16
2.365006062084402798e-16
2.349805322247368745e-16
2.359334914264515518e-16
2.388295481309947119e-16
2.417256048355378721e-16
2.446216615400810323e-16
2.475177182446241924e-16
2.504137749491673526e-16
2.533098316537105128e-16
2.538998386564878104e-16
2.536512821313502176e-16
2.534027256062126248e-16
2.531541690810750320e-16
2.529056125559374392e-16
2.526570560307998464e-16
2.524084995056622536e-16
2.501252675213312899e-16
2.476325836514951566e-16
2.451398997816589740e-16
2.426472159118227914e-16
2.401545320419866581e-16
2.376618481721504756e-16
2.353838860894766480e-16
2.355752245591694352e-16
2.357665630288622223e-16
2.359579014985550095e-16
2.361492399682477473e-16
2.363405784379405344e-16
2.365319169076333216e-16
2.359807480870349390e-16
2.332411367266309541e-16
2.305015253662270186e-16
2.277619140058230337e-16
2.250223026454190489e-16
2.222826912850150640e-16
2.195430799246110792e-16
2.170309392647622370e-16
2.148244623587843263e-16
2.126179854528063910e-16
2.104115085468284803e-16
2.082050316408505695e-16
2.059985547348726588e-16
2.037920778288947481e-16
2.042519414746496504e-16
2.064893654882264280e-16
2.087267895018032057e-16
2.109642135153800080e-16
2.132016375289567856e-16
2.154390615425335632e-16
2.176764855561103655e-16
2.230150833429433067e-16
2.292626458564203031e-16
2.355102083698973488e-16
2.417577708833743451e-16
2.480053333968513415e-16
2.542528959103283379e-16
2.605004584238053836e-16
2.686867612606125704e-16
2.769822889043679488e-16
2.852778165481233766e-16
2.935733441918787550e-16
3.018688718356341334e-16
3.101643994793895118e-16
3.189058452748016664e-16
3.309173575156968466e-16
3.429288697565920762e-16
3.549403819974872564e-16
3.669518942383824366e-16
3.789634064792776168e-16
3.909749187201727971e-16
3.943856900756143609e-16
3.770764947524632831e-16
3.597672994293122053e-16
3.424581041061611274e-16
3.251489087830100496e-16
3.078397134598589717e-16
2.905305181367078939e-16
2.780397154399768455e-16
2.710556471734401375e-16
2.640715789069034295e-16
2.570875106403667216e-16
2.501034423738300136e-16
2.431193741072933056e-16
2.361353058407565977e-16
2.387123107663951484e-16
2.466674193626323314e-16
2.546225279588695145e-16
2.625776365551066975e-16
2.705327451513438312e-16
2.784878537475810143e-16
2.864429623438181973e-16
2.869729689152875750e-16
2.857988537105807083e-16
2.846247385058738909e-16
2.834506233011670242e-16
2.822765080964601575e-16
2.811023928917533401e-16
2.799282776870464734e-16
2.691777123294644789e-16
2.582977354833301364e-16
2.474177586371957447e-16
2.365377817910614022e-16
2.256578049449270104e-16
2.147778280987926680e-16
2.058195314089318019e-16
2.069500555395067361e-16
2.080805796700816702e-16
2.092111038006566291e-16
2.103416279312315633e-16
2.114721520618064974e-16
2.126026761923814316e-16
2.146608576994120706e-16
2.185743539593540699e-16
2.224878502192960691e-16
2.264013464792380930e-16
2.303148427391801170e-16
2.342283389991220916e-16
2.381418352590641155e-16
2.383281646282163185e-16
2.348854104458100429e-16
2.314426562634037672e-16
2.279999020809974916e-16
2.245571478985912652e-16
2.211143937161849649e-16
2.176716395337786893e-16
2.192046950228822515e-16
2.230793080044610128e-16
2.269539209860397987e-16
2.308285339676185353e-16
2.347031469491973212e-16
2.385777599307761071e-16
2.424523729123548437e-16
2.474457847600816890e-16
2.526314901629276858e-16
2.578171955657736826e-16
2.630029009686197287e-16
2.681886063714657256e-16
2.733743117743117224e-16
2.782450720700445128e-16
2.716203359561436454e-16
2.649955998422428273e-16
2.583708637283420092e-16
2.517461276144411910e-16
2.451213915005403236e-16
2.384966553866395055e-16
2.327752964884714849e-16
2.306674464532346545e-16
2.285595964179978242e-16
2.264517463827610431e-16
2.243438963475242128e-16
2.222360463122873824e-16
2.201281962770505520e-16
2.181521632646075098e-16
2.163973945404254648e-16
2.146426258162434197e-16
2.128878570920613746e-16
2.111330883678793296e-16
2.093783196436972845e-16
2.076235509195152394e-16
2.129037235441075142e-16
2.240177499701223866e-16
2.351317763961372837e-16
2.462458028221521315e-16
2.573598292481670286e-16
2.684738556741819257e-16
2.795878821001967735e-16
2.784542298531470306e-16
2.725575914554610170e-16
2.666609530577750034e-16
2.607643146600889898e-16
2.548676762624029763e-16
2.489710378647170120e-16
2.430743994670309984e-16
2.361433343967053781e-16
2.290887556938258148e-16
2.220341769909462761e-16
2.149795982880666881e-16
2.079250195851871247e-16
2.008704408823075613e-16
1.945009738198363791e-16
1.977230697230826565e-16
2.009451656263289093e-16
2.041672615295751620e-16
2.073893574328214394e-16
2.106114533360676921e-16
2.138335492393139449e-16
2.163397174131713449e-16
2.165787811106306950e-16
2.168178448080900451e-16
2.170569085055493706e-16
2.172959722030087207e-16
2.175350359004680708e-16
2.177740995979274209e-16
2.165138297902374406e-16
2.131254737171742657e-16
2.097371176441110908e-16
2.063487615710479158e-16
2.029604054979847409e-16
1.995720494249215660e-16
1.961836933518583911e-16
1.945124267559090575e-16
1.940509277461081333e-16
1.935894287363072092e-16
1.931279297265062604e-16
1.926664307167053363e-16
1.922049317069044122e-16
1.917434326971034880e-16
1.925030617895516351e-16
1.936483102827100086e-16
1.947935587758683822e-16
1.959388072690267557e-16
1.970840557621851539e-16
1.982293042553435275e-16
1.993745527485019010e-16
1.987416512676027897e-16
1.979817390742710096e-16
1.972218268809392050e-16
1.964619146876074249e-16
1.957020024942756203e-16
1.949420903009438402e-16
1.942701314997059574e-16
1.943347823572546046e-16
1.943994332148032273e-16
1.944640840723518746e-16
1.945287349299005219e-16
1.945933857874491692e-16
1.946580366449977918e-16
1.937473413911691520e-16
1.903286132795132060e-16
1.869098851678572353e-16
1.834911570562012893e-16
1.800724289445453186e-16
1.766537008328893725e-16
1.732349727212334265e-16
1.713806253314138740e-16
1.714127370473382106e-16
1.714448487632625719e-16
1.714769604791869332e-16
1.715090721951112699e-16
1.715411839110356312e-16
1.715732956269599925e-16
1.714353289342032211e-16
1.711960389341470546e-16
1.709567489340909128e-16
1.707174589340347463e-16
1.704781689339785798e-16
1.702388789339224133e-16
1.699995889338662714e-16
1.708688991228784816e-16
1.720153593591577551e-16
1.731618195954370532e-16
1.743082798317163514e-16
1.754547400679956495e-16
1.766012003042749477e-16
1.777476605405542458e-16
1.800679813128352402e-16
1.824204626477464044e-16
1.847729439826575687e-16
1.871254253175687330e-16
1.894779066524798973e-16
1.918303879873910862e-16
1.943534923176790148e-16
1.978693122574318036e-16
2.013851321971846170e-16
2.049009521369374304e-16
2.084167720766902192e-16
2.119325920164430079e-16
2.154484119561958213e-16
2.218844959489609385e-16
2.345261410543771795e-16
2.471677861597934451e-16
2.598094312652097108e-16
2.724510763706259764e-16
2.850927214760422421e-16
2.977343665814584584e-16
3.204732374337084366e-16
3.535822320259497777e-16
3.866912266181910696e-16
4.198002212104324108e-16
4.529092158026737026e-16
4.860182103949149945e-16
5.191272049871562864e-16
5.073923100665694331e-16
4.732354703895685071e-16
4.390786307125675319e-16
4.049217910355665567e-16
3.707649513585656308e-16
3.366081116815646556e-16
3.024512720045636804e-16
2.847179805399745389e-16
2.701129839729875786e-16
2.555079874060006677e-16
2.409029908390137567e-16
2.262979942720268457e-16
2.116929977050398855e-16
1.972795019552349578e-16
1.970370666768965444e-16
1.967946313985581065e-16
1.965521961202196932e-16
1.963097608418812798e-16
1.960673255635428665e-16
1.958248902852044286e-16
1.950062610612127370e-16
1.916770725025888937e-16
1.883478839439650505e-16
1.850186953853411826e-16
1.816895068267173394e-16
1.783603182680934962e-16
1.750311297094696283e-16
1.728527891392808220e-16
1.727204005485320897e-16
1.725880119577833573e-16
1.724556233670346250e-16
1.723232347762858926e-16
1.721908461855371602e-16
1.720584575947884279e-16
1.744028059852082334e-16
1.789142992341504850e-16
1.834257924830927366e-16
1.879372857320349882e-16
1.924487789809772644e-16
1.969602722299195160e-16
2.014717654788617676e-16
2.026990160405144366e-16
2.025629960527261366e-16
2.024269760649378365e-16
2.022909560771495611e-16
2.021549360893612610e-16
2.020189161015729610e-16
2.018828961137846609e-16
2.004842338611647332e-16
1.989133931178859461e-16
1.973425523746071590e-16
1.957717116313283719e-16
1.942008708880495848e-16
1.926300301447707977e-16
1.911544293203809977e-16
1.913693370562707575e-16
1.915842447921604926e-16
1.917991525280502523e-16
1.920140602639399874e-16
1.922289679998297472e-16
1.924438757357194823e-16
1.928636612635729915e-16
1.939824416110675063e-16
1.951012219585620211e-16
1.962200023060565359e-16
1.973387826535510507e-16
1.984575630010455655e-16
1.995763433485400803e-16
1.994722350917142576e-16
1.975337939284079534e-16
1.955953527651016492e-16
1.936569116017953697e-16
1.917184704384890655e-16
1.897800292751827613e-16
1.878415881118764571e-16
1.869068757252855543e-16
1.867191242888084065e-16
1.865313728523312586e-16
1.863436214158541108e-16
1.861558699793769629e-16
1.859681185428998151e-16
1.857803671064226673e-16
1.878356271931592978e-16
1.906519090467005983e-16
1.934681909002418987e-16
1.962844727537831992e-16
1.991007546073245244e-16
2.019170364608658248e-16
2.047333183144071253e-16
2.071616040686359868e-16
2.095561510316203012e-16
2.119506979946046157e-16
2.143452449575889301e-16
2.167397919205732445e-16
2.191343388835575590e-16
2.212919778984008206e-16
2.211482254170167269e-16
2.210044729356326332e-16
2.208607204542485395e-16
2.207169679728644458e-16
2.205732154914803522e-16
2.204294630100962585e-16
2.191020170380517384e-16
2.145194139666910829e-16
2.099368108953304274e-16
2.053542078239697966e-16
2.007716047526091411e-16
1.961890016812484856e-16
1.916063986098878301e-16
1.888373055096849734e-16
1.883763160091375572e-16
1.879153265085901164e-16
1.874543370080426756e-16
1.869933475074952349e-16
1.865323580069477941e-16
1.860713685064003533e-16
1.866901438432952820e-16
1.879896404907516654e-16
1.892891371382080488e-16
1.905886337856644076e-16
1.918881304331207910e-16
1.931876270805771744e-16
1.944871237280335578e-16
1.961743048077866494e-16
1.979666206488404931e-16
1.997589364898943615e-16
2.015512523309482298e-16
2.033435681720020981e-16
2.051358840130559665e-16
2.069281998541098348e-16
2.126302876500070666e-16
2.184952826106894734e-16
2.243602775713718556e-16
2.302252725320542378e-16
2.360902674927366201e-16
2.419552624534190516e-16
2.472683519821049010e-16
2.489940562028135340e-16
2.507197604235221670e-16
2.524454646442308000e-16
2.541711688649394330e-16
2.558968730856480660e-16
2.576225773063566497e-16
2.604301888289715233e-16
2.656838516428527376e-16
2.709375144567339026e-16
2.761911772706150677e-16
2.814448400844962327e-16
2.866985028983773977e-16
2.919521657122585628e-16
2.952445915233797989e-16
2.964123439148444084e-16
2.975800963063090671e-16
2.987478486977736766e-16
2.999156010892382861e-16
3.010833534807029448e-16
3.022511058721675543e-16
3.032402195691379617e-16
3.041345453873971599e-16
3.050288712056563581e-16
3.059231970239155563e-16
3.068175228421748038e-16
3.077118486604340020e-16
3.086061744786932002e-16
2.909133894878451316e-16
2.693233070692810604e-16
2.477332246507169400e-16
2.261431422321528689e-16
2.045530598135887731e-16
1.829629773950246773e-16
1.613728949764605815e-16
