6.397963101622556837e-17
1.031007940712124451e-16
1.422219571261993095e-16
1.813431201811861492e-16
2.204642832361730382e-16
2.595854462911599272e-16
2.987066093461467670e-16
3.312325991527107171e-16
3.323046857744883432e-16
3.333767723962660186e-16
3.344488590180436447e-16
3.355209456398212709e-16
3.365930322615989463e-16
3.376651188833765724e-16
3.377254236643791110e-16
3.358789088223824216e-16
3.340323939803856829e-16
3.321858791383889935e-16
3.303393642963922548e-16
3.284928494543955654e-16
3.266463346123988760e-16
3.253533786041648962e-16
3.245713999809427090e-16
3.237894213577204725e-16
3.230074427344982854e-16
3.222254641112760982e-16
3.214434854880538618e-16
3.206615068648316746e-16
3.238153214596344198e-16
3.287099676701021033e-16
3.336046138805697375e-16
3.384992600910373718e-16
3.433939063015050060e-16
3.482885525119726896e-16
3.531831987224403238e-16
4.175976701223293971e-16
4.911690377052064145e-16
5.647404052880834319e-16
6.383117728709604493e-16
7.118831404538374667e-16
7.854545080367144840e-16
8.541932672024060548e-16
8.069494243556471048e-16
7.597055815088881548e-16
7.124617386621292048e-16
6.652178958153703535e-16
6.179740529686114035e-16
5.707302101218524535e-16
5.240046995804793103e-16
4.791905394152165273e-16
4.343763792499535964e-16
3.895622190846907641e-16
3.447480589194278825e-16
2.999338987541650008e-16
2.551197385889021192e-16
2.263115619729360836e-16
2.228921868489581333e-16
2.194728117249801584e-16
2.160534366010021835e-16
2.126340614770242332e-16
2.092146863530462829e-16
2.057953112290683080e-16
2.043864229261247956e-16
2.045572028397083309e-16
2.047279827532918663e-16
2.048987626668754263e-16
2.050695425804589617e-16
2.052403224940424970e-16
2.054111024076260324e-16
2.070721330728013113e-16
2.092750731021917339e-16
2.114780131315821811e-16
2.136809531609726037e-16
2.158838931903630510e-16
2.180868332197534982e-16
2.202897732491439208e-16
2.213903195527082008e-16
2.223773841492021285e-16
2.233644487456960562e-16
2.243515133421899839e-16
2.253385779386838623e-16
2.263256425351777900e-16
2.270374392500156933e-16
2.245836553258089467e-16
2.221298714016022001e-16
2.196760874773954535e-16
2.172223035531887069e-16
2.147685196289819849e-16
2.123147357047752383e-16
2.097541215521080680e-16
2.068786393576627548e-16
2.040031571632174663e-16
2.011276749687721531e-16
1.982521927743268646e-16
1.953767105798815760e-16
1.925012283854362628e-16
1.918970122518869433e-16
1.943448098876665673e-16
1.967926075234461913e-16
1.992404051592258153e-16
2.016882027950054640e-16
2.041360004307850880e-16
2.065837980665647120e-16
2.081530252992510443e-16
2.091365389298752149e-16
2.101200525604993609e-16
2.111035661911235069e-16
2.120870798217476775e-16
2.130705934523718235e-16
2.140541070829959695e-16
2.138317326228664658e-16
2.132559082051022531e-16
2.126800837873380404e-16
2.121042593695738276e-16
2.115284349518096149e-16
2.109526105340454021e-16
2.103767861162811894e-16
2.101105066700041240e-16
2.098616663770502820e-16
2.096128260840964400e-16
2.093639857911425980e-16
2.091151454981887314e-16
2.088663052052348894e-16
2.090346784143285296e-16
2.122626173051036489e-16
2.154905561958787436e-16
2.187184950866538629e-16
2.219464339774289822e-16
2.251743728682041015e-16
2.284023117589792208e-16
2.305100219908195410e-16
2.299189995443168937e-16
2.293279770978142956e-16
2.287369546513116976e-16
2.281459322048090503e-16
2.275549097583064522e-16
2.269638873118038542e-16
2.259442187027980728e-16
2.244346687652172530e-16
2.229251188276363838e-16
2.214155688900555886e-16
2.199060189524747442e-16
2.183964690148939243e-16
2.168869190773131045e-16
2.166850661367859395e-16
2.172187927571014816e-16
2.177525193774170237e-16
2.182862459977325658e-16
2.188199726180481079e-16
2.193536992383636501e-16
2.198874258586791922e-16
2.185866944292011257e-16
2.168649398407540154e-16
2.151431852523069051e-16
2.134214306638597947e-16
2.116996760754126844e-16
2.099779214869655987e-16
2.082561668985184884e-16
2.042411892831441482e-16
2.001952221674059145e-16
1.961492550516677055e-16
1.921032879359294965e-16
1.880573208201912629e-16
1.840113537044530538e-16
1.806308899175786057e-16
1.807443186072389455e-16
1.808577472968992852e-16
1.809711759865596250e-16
1.810846046762199648e-16
1.811980333658803045e-16
1.813114620555406443e-16
1.840462116046595811e-16
1.920236028726956628e-16
2.000009941407317691e-16
2.079783854087678754e-16
2.159557766768039571e-16
2.239331679448400388e-16
2.319105592128761698e-16
2.376477365214328770e-16
2.412036528694438138e-16
2.447595692174547505e-16
2.483154855654657367e-16
2.518714019134766735e-16
2.554273182614876103e-16
2.589832346094985964e-16
2.619276088722492172e-16
2.645841986242891824e-16
2.672407883763290983e-16
2.698973781283690142e-16
2.725539678804089794e-16
2.752105576324488953e-16
2.778671473844888112e-16
2.724219540297930285e-16
2.655842667036270083e-16
2.587465793774609881e-16
2.519088920512949679e-16
2.450712047251289477e-16
2.382335173989629768e-16
2.315286778670611984e-16
2.296727828258046663e-16
2.278168877845481342e-16
2.259609927432916021e-16
2.241050977020350700e-16
2.222492026607785379e-16
2.203933076195220058e-16
2.203316967959663067e-16
2.274472228432139396e-16
2.345627488904615232e-16
2.416782749377091562e-16
2.487938009849567891e-16
2.559093270322044221e-16
2.630248530794520550e-16
2.758867395397363710e-16
2.983943024076179958e-16
3.209018652754996206e-16
3.434094281433812454e-16
3.659169910112629195e-16
3.884245538791445443e-16
4.109321167470261691e-16
4.204378159699266039e-16
4.191614819262572931e-16
4.178851478825879823e-16
4.166088138389186715e-16
4.153324797952493607e-16
4.140561457515800499e-16
4.127798117079107391e-16
3.958789696055760789e-16
3.729019299248716016e-16
3.499248902441671244e-16
3.269478505634625979e-16
3.039708108827581206e-16
2.809937712020535941e-16
2.580167315213491169e-16
2.519846792094928898e-16
2.479759089715289897e-16
2.439671387335651389e-16
2.399583684956012388e-16
2.359495982576373386e-16
2.319408280196734878e-16
2.282303044101230037e-16
2.286952335983600479e-16
2.291601627865971414e-16
2.296250919748341855e-16
2.300900211630712790e-16
2.305549503513083232e-16
2.310198795395454167e-16
2.307798068919342406e-16
2.283072284308036184e-16
2.258346499696730456e-16
2.233620715085424727e-16
2.208894930474118751e-16
2.184169145862812776e-16
2.159443361251506801e-16
2.132630281334661394e-16
2.102854588726082284e-16
2.073078896117503421e-16
2.043303203508924311e-16
2.013527510900345201e-16
1.983751818291766337e-16
1.953976125683187227e-16
1.931481754582290124e-16
1.914117405452714261e-16
1.896753056323138399e-16
1.879388707193562290e-16
1.862024358063986427e-16
1.844660008934410564e-16
1.827295659804834702e-16
1.824782992515759021e-16
1.826960330018420149e-16
1.829137667521081523e-16
1.831315005023742650e-16
1.833492342526404025e-16
1.835669680029065399e-16
1.837847017531726526e-16
1.811675401189084482e-16
1.783478859571777803e-16
1.755282317954471123e-16
1.727085776337164444e-16
1.698889234719857764e-16
1.670692693102551085e-16
1.644633479530284487e-16
1.636474388335227678e-16
1.628315297140170869e-16
1.620156205945114061e-16
1.611997114750057252e-16
1.603838023555000197e-16
1.595678932359943388e-16
1.583289320937755306e-16
1.560021228931515199e-16
1.536753136925275093e-16
1.513485044919034986e-16
1.490216952912794880e-16
1.466948860906555020e-16
1.443680768900314913e-16
1.436283881949513761e-16
1.448025801094977246e-16
1.459767720240440977e-16
1.471509639385904462e-16
1.483251558531367947e-16
1.494993477676831678e-16
1.506735396822295163e-16
1.518681861757260802e-16
1.530750183758312416e-16
1.542818505759364030e-16
1.554886827760415891e-16
1.566955149761467505e-16
1.579023471762519365e-16
1.591091793763570979e-16
1.590661513535827538e-16
1.587106582750885025e-16
1.583551651965942758e-16
1.579996721181000245e-16
1.576441790396057978e-16
1.572886859611115712e-16
1.569331928826173198e-16
1.559996049782582468e-16
1.550501788594918893e-16
1.541007527407255565e-16
1.531513266219592237e-16
1.522019005031928909e-16
1.512524743844265335e-16
1.506564052013157727e-16
1.521162309165645762e-16
1.535760566318133796e-16
1.550358823470621831e-16
1.564957080623109865e-16
1.579555337775597900e-16
1.594153594928085934e-16
1.625952730977817917e-16
1.694303734684193596e-16
1.762654738390569029e-16
1.831005742096944462e-16
1.899356745803320141e-16
1.967707749509695821e-16
2.036058753216071254e-16
2.156433402569430948e-16
2.330237742046720610e-16
2.504042081524010026e-16
2.677846421001299936e-16
2.851650760478589352e-16
3.025455099955878768e-16
3.199259439433168677e-16
3.158952707768553586e-16
3.011590440532985995e-16
2.864228173297418897e-16
2.716865906061851306e-16
2.569503638826284208e-16
2.422141371590716617e-16
2.274779104355149519e-16
2.202643714201297172e-16
2.144837253015390550e-16
2.087030791829483928e-16
2.029224330643577552e-16
1.971417869457670930e-16
1.913611408271764308e-16
1.856239996352333221e-16
1.831062230152089484e-16
1.805884463951845747e-16
1.780706697751602256e-16
1.755528931551358519e-16
1.730351165351114782e-16
1.705173399150871045e-16
1.682094819274294170e-16
1.668162694093695092e-16
1.654230568913095767e-16
1.640298443732496443e-16
1.626366318551897119e-16
1.612434193371298041e-16
1.598502068190698716e-16
1.607200304424402029e-16
1.656130294283532416e-16
1.705060284142662802e-16
1.753990274001793189e-16
1.802920263860923576e-16
1.851850253720053962e-16
1.900780243579184349e-16
2.176079476586935210e-16
2.649451797349728862e-16
3.122824118112522268e-16
3.596196438875315674e-16
4.069568759638109080e-16
4.542941080400902485e-16
5.016313401163695891e-16
5.392470073764861573e-16
5.728273081091390375e-16
6.064076088417918190e-16
6.399879095744446005e-16
6.735682103070973820e-16
7.071485110397501635e-16
7.407288117724029450e-16
6.925631217362934891e-16
6.332502511408072928e-16
5.739373805453210965e-16
5.146245099498349988e-16
4.553116393543488025e-16
3.959987687588626555e-16
3.387566586743569822e-16
3.182705476597552223e-16
2.977844366451534624e-16
2.772983256305516533e-16
2.568122146159498934e-16
2.363261036013481336e-16
2.158399925867463491e-16
1.997940804678916881e-16
1.988970822286448848e-16
1.980000839893980570e-16
1.971030857501512538e-16
1.962060875109044506e-16
1.953090892716576227e-16
1.944120910324108195e-16
1.927231612642701502e-16
1.898463342027886941e-16
1.869695071413072380e-16
1.840926800798257819e-16
1.812158530183443504e-16
1.783390259568628943e-16
1.754621988953814382e-16
1.736437565021586848e-16
1.726129492108958740e-16
1.715821419196330877e-16
1.705513346283702769e-16
1.695205273371074906e-16
1.684897200458446797e-16
1.674589127545818935e-16
1.684083845132980444e-16
1.700297366639713478e-16
1.716510888146446513e-16
1.732724409653179301e-16
1.748937931159912335e-16
1.765151452666645370e-16
1.781364974173378404e-16
1.781109015712901385e-16
1.779420928559623223e-16
1.777732841406345307e-16
1.776044754253067392e-16
1.774356667099789230e-16
1.772668579946511315e-16
1.771561614604203676e-16
1.776099832568465572e-16
1.780638050532727714e-16
1.785176268496989609e-16
1.789714486461251751e-16
1.794252704425513893e-16
1.798790922389775788e-16
1.802895786957971393e-16
1.805808929686984575e-16
1.808722072415997757e-16
1.811635215145010939e-16
1.814548357874024368e-16
1.817461500603037550e-16
1.820374643332050732e-16
1.823932702774689251e-16
1.828311565307396402e-16
1.832690427840103800e-16
1.837069290372810951e-16
1.841448152905518348e-16
1.845827015438225500e-16
1.850205877970932651e-16
1.867797118346793495e-16
1.893717901275946836e-16
1.919638684205099930e-16
1.945559467134253271e-16
1.971480250063406366e-16
1.997401032992559707e-16
2.023321815921712801e-16
2.053986002953090448e-16
2.085936536859647448e-16
2.117887070766204693e-16
2.149837604672761692e-16
2.181788138579318938e-16
2.213738672485875937e-16
2.245689206392432936e-16
2.283000837604258488e-16
2.320535847870469881e-16
2.358070858136681767e-16
2.395605868402893160e-16
2.433140878669104553e-16
2.470675888935316439e-16
2.497663839771218052e-16
2.456095904310106094e-16
2.414527968848994137e-16
2.372960033387882179e-16
2.331392097926770221e-16
2.289824162465658263e-16
2.248256227004546306e-16
2.226819057491254920e-16
2.250894924033905398e-16
2.274970790576556370e-16
2.299046657119207341e-16
2.323122523661857819e-16
2.347198390204508791e-16
2.371274256747159269e-16
2.424841584960679312e-16
2.510357996650974347e-16
2.595874408341268889e-16
2.681390820031563925e-16
2.766907231721858960e-16
2.852423643412153502e-16
2.937940055102448537e-16
3.016499704088838007e-16
3.091368009599685477e-16
3.166236315110533439e-16
3.241104620621380909e-16
3.315972926132228872e-16
3.390841231643076341e-16
3.465709537153924304e-16
3.278634604811871415e-16
3.036636090339371995e-16
2.794637575866872574e-16
2.552639061394373154e-16
2.310640546921873733e-16
2.068642032449374066e-16
1.826643517976874646e-16
