6.452142448127484924e-17
1.015288742342450284e-16
1.385363239872152076e-16
1.755437737401853867e-16
2.125512234931555659e-16
2.495586732461257450e-16
2.865661229990959242e-16
3.178861837815293122e-16
3.220817740890946957e-16
3.262773643966600792e-16
3.304729547042254627e-16
3.346685450117908955e-16
3.388641353193562790e-16
3.430597256269216625e-16
3.446897932272372350e-16
3.414848372638896869e-16
3.382798813005421389e-16
3.350749253371945908e-16
3.318699693738469934e-16
3.286650134104994453e-16
3.254600574471518973e-16
3.221753193603789520e-16
3.188169362365979249e-16
3.154585531128168978e-16
3.121001699890359201e-16
3.087417868652548930e-16
3.053834037414738659e-16
3.020250206176928882e-16
3.058897052733193797e-16
3.129492083698376070e-16
3.200087114663558837e-16
3.270682145628741604e-16
3.341277176593923878e-16
3.411872207559106644e-16
3.482467238524289411e-16
4.130805914624582782e-16
4.868028228437970471e-16
5.605250542251358161e-16
6.342472856064745850e-16
7.079695169878133540e-16
7.816917483691521229e-16
8.505131986996477039e-16
8.017159038099059860e-16
7.529186089201642681e-16
7.041213140304225501e-16
6.553240191406808322e-16
6.065267242509391142e-16
5.577294293611973963e-16
5.101994364829166948e-16
4.673426197718983438e-16
4.244858030608799927e-16
3.816289863498616909e-16
3.387721696388433891e-16
2.959153529278250380e-16
2.530585362168067362e-16
2.256853533690611627e-16
2.228724173389205879e-16
2.200594813087800377e-16
2.172465452786394628e-16
2.144336092484989126e-16
2.116206732183583624e-16
2.088077371882178122e-16
2.075341856903186470e-16
2.074701506106091254e-16
2.074061155308996039e-16
2.073420804511900823e-16
2.072780453714805608e-16
2.072140102917710392e-16
2.071499752120615177e-16
2.075223815235923525e-16
2.080534937955742305e-16
2.085846060675561085e-16
2.091157183395379618e-16
2.096468306115198398e-16
2.101779428835017178e-16
2.107090551554835711e-16
2.136346051879333820e-16
2.168066414604313385e-16
2.199786777329292950e-16
2.231507140054272515e-16
2.263227502779252080e-16
2.294947865504231645e-16
2.325611145096414706e-16
2.344117968661436743e-16
2.362624792226458780e-16
2.381131615791480323e-16
2.399638439356502360e-16
2.418145262921524396e-16
2.436652086486545940e-16
2.433340554599178998e-16
2.365722290852138785e-16
2.298104027105098572e-16
2.230485763358058359e-16
2.162867499611018147e-16
2.095249235863977934e-16
2.027630972116937721e-16
1.988665902856059693e-16
1.988203563685961694e-16
1.987741224515863942e-16
1.987278885345765942e-16
1.986816546175667943e-16
1.986354207005570191e-16
1.985891867835472192e-16
2.009970351897869211e-16
2.050409384781929741e-16
2.090848417665990271e-16
2.131287450550050801e-16
2.171726483434111331e-16
2.212165516318171615e-16
2.252604549202232391e-16
2.280019878581495013e-16
2.303617915554178858e-16
2.327215952526862703e-16
2.350813989499546547e-16
2.374412026472230885e-16
2.398010063444914729e-16
2.421608100417598574e-16
2.402779029147072490e-16
2.381559698257210469e-16
2.360340367367348448e-16
2.339121036477486427e-16
2.317901705587624899e-16
2.296682374697762878e-16
2.274841129321786792e-16
2.248439177714306251e-16
2.222037226106825709e-16
2.195635274499345167e-16
2.169233322891864872e-16
2.142831371284384576e-16
2.116429419676904034e-16
2.103993645313542215e-16
2.125203661583739372e-16
2.146413677853936283e-16
2.167623694124133440e-16
2.188833710394330350e-16
2.210043726664527507e-16
2.231253742934724417e-16
2.244080669795307604e-16
2.247326923044903045e-16
2.250573176294497992e-16
2.253819429544093432e-16
2.257065682793688872e-16
2.260311936043284312e-16
2.263558189292879753e-16
2.249105222102634639e-16
2.224696443414978751e-16
2.200287664727323109e-16
2.175878886039667714e-16
2.151470107352012073e-16
2.127061328664356431e-16
2.102652549976700790e-16
2.110180612982890646e-16
2.125038442935208989e-16
2.139896272887527332e-16
2.154754102839845921e-16
2.169611932792164264e-16
2.184469762744482607e-16
2.199327592696800950e-16
2.170133110623307258e-16
2.140343327035951467e-16
2.110553543448595430e-16
2.080763759861239639e-16
2.050973976273883602e-16
2.021184192686527811e-16
1.995933296142366359e-16
1.994511556574975004e-16
1.993089817007583895e-16
1.991668077440192786e-16
1.990246337872801677e-16
1.988824598305410568e-16
1.987402858738019459e-16
2.020757832739285000e-16
2.123666233877863596e-16
2.226574635016442191e-16
2.329483036155021033e-16
2.432391437293599875e-16
2.535299838432178717e-16
2.638208239570757559e-16
2.721061210891742432e-16
2.784386526864018074e-16
2.847711842836293716e-16
2.911037158808569358e-16
2.974362474780845000e-16
3.037687790753120642e-16
3.101013106725396284e-16
3.365320799335969804e-16
3.724208433893978663e-16
4.083096068451987029e-16
4.441983703009995395e-16
4.800871337568003761e-16
5.159758972126013113e-16
5.518646606684020493e-16
5.593153658506394931e-16
5.618782797671081302e-16
5.644411936835767673e-16
5.670041076000455030e-16
5.695670215165141401e-16
5.721299354329827772e-16
5.743603129759806957e-16
5.644531128872964513e-16
5.545459127986123055e-16
5.446387127099280611e-16
5.347315126212439153e-16
5.248243125325596708e-16
5.149171124438755250e-16
5.193080457717687630e-16
5.808915127659718322e-16
6.424749797601749014e-16
7.040584467543778720e-16
7.656419137485809412e-16
8.272253807427840104e-16
8.888088477369869810e-16
9.822801243639775780e-16
1.129277367160290227e-15
1.276274609956602679e-15
1.423271852752915130e-15
1.570269095549227779e-15
1.717266338345540428e-15
1.864263581141852683e-15
1.920653874200989465e-15
1.901906696746370785e-15
1.883159519291752104e-15
1.864412341837133424e-15
1.845665164382514744e-15
1.826917986927896063e-15
1.808170809473277383e-15
1.694179841310235722e-15
1.543149621205029316e-15
1.392119401099822910e-15
1.241089180994616702e-15
1.090058960889410296e-15
9.390287407842038906e-16
7.879985206789974850e-16
7.379018493419405967e-16
6.998569450219761410e-16
6.618120407020115867e-16
6.237671363820471310e-16
5.857222320620825766e-16
5.476773277421181209e-16
5.113789446274622436e-16
4.995318583871282378e-16
4.876847721467942320e-16
4.758376859064601277e-16
4.639905996661261219e-16
4.521435134257921162e-16
4.402964271854580611e-16
4.279411450937650415e-16
4.139765761394351281e-16
4.000120071851052640e-16
3.860474382307754000e-16
3.720828692764455359e-16
3.581183003221156718e-16
3.441537313677858078e-16
3.317306250124268809e-16
3.214954010556075030e-16
3.112601770987880758e-16
3.010249531419686486e-16
2.907897291851492214e-16
2.805545052283297943e-16
2.703192812715104164e-16
2.628305372527309329e-16
2.572768131902978071e-16
2.517230891278647306e-16
2.461693650654316048e-16
2.406156410029984790e-16
2.350619169405654026e-16
2.295081928781322767e-16
2.261508033132968481e-16
2.234869930634922271e-16
2.208231828136876308e-16
2.181593725638830345e-16
2.154955623140784381e-16
2.128317520642738418e-16
2.101679418144692454e-16
2.066048016760591087e-16
2.029774236884628760e-16
1.993500457008666433e-16
1.957226677132704106e-16
1.920952897256741779e-16
1.884679117380779452e-16
1.849814339422727055e-16
1.826749952527168972e-16
1.803685565631611136e-16
1.780621178736053053e-16
1.757556791840495216e-16
1.734492404944937380e-16
1.711428018049379543e-16
1.690982097445505966e-16
1.677269375877392547e-16
1.663556654309279129e-16
1.649843932741165710e-16
1.636131211173052291e-16
1.622418489604938872e-16
1.608705768036825207e-16
1.609112960219499255e-16
1.626547107219299330e-16
1.643981254219099159e-16
1.661415401218899234e-16
1.678849548218699062e-16
1.696283695218499137e-16
1.713717842218298966e-16
1.723375026825437565e-16
1.728399127453969573e-16
1.733423228082501335e-16
1.738447328711033097e-16
1.743471429339565105e-16
1.748495529968096867e-16
1.753519630596628629e-16
1.771989984826602485e-16
1.793821902456936804e-16
1.815653820087271122e-16
1.837485737717605194e-16
1.859317655347939513e-16
1.881149572978273831e-16
1.902981490608608149e-16
1.951611912845272166e-16
2.000976540687588872e-16
2.050341168529905579e-16
2.099705796372222285e-16
2.149070424214539238e-16
2.198435052056855944e-16
2.247920939893313445e-16
2.298112340422951084e-16
2.348303740952589217e-16
2.398495141482227350e-16
2.448686542011865483e-16
2.498877942541503615e-16
2.549069343071141748e-16
2.627044596147754010e-16
2.764060535886686358e-16
2.901076475625618212e-16
3.038092415364550560e-16
3.175108355103482908e-16
3.312124294842415256e-16
3.449140234581347604e-16
3.660385797961555191e-16
3.947867191027397955e-16
4.235348584093240225e-16
4.522829977159082496e-16
4.810311370224924766e-16
5.097792763290767037e-16
5.385274156356609307e-16
5.282749818444331128e-16
4.985222615042993216e-16
4.687695411641654318e-16
4.390168208240316407e-16
4.092641004838978002e-16
3.795113801437639598e-16
3.497586598036301193e-16
3.326483980443677009e-16
3.179462236338427057e-16
3.032440492233177104e-16
2.885418748127927645e-16
2.738397004022677693e-16
2.591375259917427740e-16
2.445523175548397137e-16
2.386225911659618560e-16
2.326928647770839490e-16
2.267631383882060914e-16
2.208334119993281844e-16
2.149036856104503021e-16
2.089739592215724198e-16
2.034399460645502084e-16
1.996301119891848858e-16
1.958202779138195386e-16
1.920104438384541914e-16
1.882006097630888689e-16
1.843907756877235217e-16
1.805809416123581991e-16
1.805338108842380110e-16
1.871759305512202648e-16
1.938180502182025433e-16
2.004601698851848218e-16
2.071022895521671002e-16
2.137444092191493787e-16
2.203865288861316572e-16
2.509474424715274287e-16
3.024373007355350251e-16
3.539271589995425722e-16
4.054170172635501686e-16
4.569068755275577649e-16
5.083967337915654106e-16
5.598865920555728591e-16
5.996482763870535444e-16
6.345416621050324800e-16
6.694350478230113169e-16
7.043284335409902525e-16
7.392218192589691881e-16
7.741152049769480250e-16
8.090085906949268620e-16
7.524272880694454334e-16
6.833721643062194188e-16
6.143170405429933055e-16
5.452619167797672908e-16
4.762067930165412762e-16
4.071516692533151629e-16
3.408055347607568042e-16
3.225439598225499677e-16
3.042823848843431805e-16
2.860208099461363934e-16
2.677592350079296062e-16
2.494976600697227697e-16
2.312360851315159825e-16
2.175571034156887188e-16
2.195128515173915979e-16
2.214685996190945017e-16
2.234243477207973809e-16
2.253800958225002600e-16
2.273358439242031392e-16
2.292915920259060676e-16
2.298578163275218547e-16
2.283397549290069790e-16
2.268216935304921034e-16
2.253036321319772277e-16
2.237855707334624013e-16
2.222675093349475257e-16
2.207494479364326500e-16
2.180083301430433309e-16
2.143570308464916205e-16
2.107057315499399101e-16
2.070544322533881997e-16
2.034031329568364893e-16
1.997518336602847788e-16
1.961005343637330684e-16
1.954619709063572161e-16
1.958455856801302823e-16
1.962292004539033731e-16
1.966128152276764639e-16
1.969964300014495547e-16
1.973800447752226455e-16
1.977636595489957364e-16
1.998147670834164263e-16
2.020108739883282342e-16
2.042069808932400422e-16
2.064030877981518502e-16
2.085991947030636582e-16
2.107953016079754662e-16
2.128330193916970525e-16
2.133320999981422809e-16
2.138311806045874846e-16
2.143302612110327130e-16
2.148293418174779167e-16
2.153284224239231205e-16
2.158275030303683489e-16
2.158251019686767078e-16
2.144436263196086698e-16
2.130621506705406317e-16
2.116806750214725937e-16
2.102991993724045556e-16
2.089177237233365175e-16
2.075362480742685041e-16
2.061081612526741361e-16
2.046207511205917296e-16
2.031333409885093232e-16
2.016459308564269414e-16
2.001585207243445350e-16
1.986711105922621285e-16
1.971837004601797221e-16
1.972693903761435328e-16
1.983468172789190587e-16
1.994242441816946092e-16
2.005016710844701350e-16
2.015790979872456855e-16
2.026565248900212360e-16
2.037339517927967619e-16
2.038118989348123419e-16
2.036188007179777716e-16
2.034257025011432260e-16
2.032326042843086558e-16
2.030395060674740856e-16
2.028464078506395153e-16
2.026533096338049451e-16
2.027620468040651260e-16
2.028833604487875707e-16
2.030046740935100401e-16
2.031259877382324849e-16
2.032473013829549543e-16
2.033686150276773990e-16
2.033288521622536922e-16
2.022420919808799510e-16
2.011553317995062098e-16
2.000685716181324439e-16
1.989818114367587027e-16
1.978950512553849615e-16
1.968082910740111956e-16
1.971729080880929711e-16
2.008188996310307264e-16
2.044648911739684817e-16
2.081108827169062124e-16
2.117568742598439677e-16
2.154028658027817230e-16
2.190488573457194537e-16
2.250842653269520524e-16
2.337082077830041284e-16
2.423321502390562044e-16
2.509560926951082311e-16
2.595800351511603071e-16
2.682039776072123831e-16
2.768279200632644591e-16
2.794146960284302521e-16
2.787980775290442466e-16
2.781814590296581918e-16
2.775648405302721370e-16
2.769482220308860821e-16
2.763316035315000766e-16
2.757149850321140218e-16
2.578892143263809534e-16
2.364550729967363939e-16
2.150209316670918589e-16
1.935867903374473240e-16
1.721526490078027644e-16
1.507185076781582048e-16
1.292843663485136699e-16
