7.190633002568443748e-17
1.082226915349602691e-16
1.445390530442361254e-16
1.808554145535119571e-16
2.171717760627877887e-16
2.534881375720636204e-16
2.898044990813394520e-16
3.196810709674258372e-16
3.188448000352241123e-16
3.180085291030224367e-16
3.171722581708207611e-16
3.163359872386190362e-16
3.154997163064173606e-16
3.146634453742156851e-16
3.139938684355890770e-16
3.136384455617771256e-16
3.132830226879652234e-16
3.129275998141532720e-16
3.125721769403413205e-16
3.122167540665293690e-16
3.118613311927174176e-16
3.105479879261660359e-16
3.083504104509321183e-16
3.061528329756981515e-16
3.039552555004641847e-16
3.017576780252302671e-16
2.995601005499963003e-16
2.973625230747623827e-16
3.029615196776105626e-16
3.120090009688411952e-16
3.210564822600718772e-16
3.301039635513025099e-16
3.391514448425331919e-16
3.481989261337638246e-16
3.572464074249945066e-16
4.230441804311227438e-16
4.975727675472352280e-16
5.721013546633476135e-16
6.466299417794600976e-16
7.211585288955725817e-16
7.956871160116850658e-16
8.652507665078561162e-16
8.156559381254327560e-16
7.660611097430094944e-16
7.164662813605862328e-16
6.668714529781629713e-16
6.172766245957396111e-16
5.676817962133164481e-16
5.202905708717922899e-16
4.810251317435840933e-16
4.417596926153757981e-16
4.024942534871675523e-16
3.632288143589593064e-16
3.239633752307510605e-16
2.846979361025428146e-16
2.607042825019442405e-16
2.609348404278988607e-16
2.611653983538534810e-16
2.613959562798081012e-16
2.616265142057627214e-16
2.618570721317173416e-16
2.620876300576719619e-16
2.599216038535101848e-16
2.558725472613998382e-16
2.518234906692894422e-16
2.477744340771790955e-16
2.437253774850686995e-16
2.396763208929583528e-16
2.356272643008480061e-16
2.347682922011859267e-16
2.350693508260505795e-16
2.353704094509151830e-16
2.356714680757798359e-16
2.359725267006444394e-16
2.362735853255090922e-16
2.365746439503736957e-16
2.568122401974196566e-16
2.791021270820431029e-16
3.013920139666665492e-16
3.236819008512899954e-16
3.459717877359134417e-16
3.682616746205368880e-16
3.905236488827264558e-16
4.124646279869261252e-16
4.344056070911257947e-16
4.563465861953254641e-16
4.782875652995251335e-16
5.002285444037248030e-16
5.221695235079244724e-16
5.327520312665393151e-16
5.098569392697461595e-16
4.869618472729530038e-16
4.640667552761599467e-16
4.411716632793667911e-16
4.182765712825736354e-16
3.953814792857805291e-16
3.798433994671703648e-16
3.741913047629935784e-16
3.685392100588167427e-16
3.628871153546399563e-16
3.572350206504631699e-16
3.515829259462863834e-16
3.459308312421095970e-16
3.613329544822827233e-16
3.907712230186891247e-16
4.202094915550955754e-16
4.496477600915019768e-16
4.790860286279083782e-16
5.085242971643147796e-16
5.379625657007211811e-16
5.746786727255394195e-16
6.135279393073057833e-16
6.523772058890722457e-16
6.912264724708387081e-16
7.300757390526050720e-16
7.689250056343715344e-16
8.077742722161379968e-16
8.103761586144417155e-16
8.109359390869164389e-16
8.114957195593912610e-16
8.120555000318660830e-16
8.126152805043408064e-16
8.131750609768156285e-16
8.103140184785373955e-16
7.823669408614034588e-16
7.544198632442695220e-16
7.264727856271356839e-16
6.985257080100017471e-16
6.705786303928679090e-16
6.426315527757339722e-16
6.203125421863769597e-16
6.115520567093915430e-16
6.027915712324060277e-16
5.940310857554206110e-16
5.852706002784351944e-16
5.765101148014497777e-16
5.677496293244642624e-16
5.690121993648122056e-16
5.817296899963981053e-16
5.944471806279841036e-16
6.071646712595701019e-16
6.198821618911560017e-16
6.325996525227420000e-16
6.453171431543279983e-16
6.586813271343005951e-16
6.724092761227406103e-16
6.861372251111807242e-16
6.998651740996207395e-16
7.135931230880608534e-16
7.273210720765009672e-16
7.410490210649409825e-16
7.219312580615547266e-16
6.952751349288969272e-16
6.686190117962390292e-16
6.419628886635812298e-16
6.153067655309233318e-16
5.886506423982655325e-16
5.619945192656076345e-16
5.267782701277195078e-16
4.914463436113823439e-16
4.561144170950451801e-16
4.207824905787080162e-16
3.854505640623708524e-16
3.501186375460336885e-16
3.196581785295713426e-16
3.147729238874518649e-16
3.098876692453323871e-16
3.050024146032129093e-16
3.001171599610934316e-16
2.952319053189739538e-16
2.903466506768544761e-16
2.958999877626053251e-16
3.223305083040966797e-16
3.487610288455880837e-16
3.751915493870794876e-16
4.016220699285708423e-16
4.280525904700622462e-16
4.544831110115536502e-16
5.382968501254099174e-16
6.779837231123583507e-16
8.176705960993068825e-16
9.573574690862552172e-16
1.097044342073203749e-15
1.236731215060152281e-15
1.376418088047100616e-15
1.993851613278641165e-15
2.836107092507637338e-15
3.678362571736632722e-15
4.520618050965628106e-15
5.362873530194624279e-15
6.205129009423619663e-15
7.047384488652615047e-15
7.248839110510427549e-15
7.340156085007567992e-15
7.431473059504706858e-15
7.522790034001847302e-15
7.614107008498987745e-15
7.705423982996128189e-15
7.783399439934427834e-15
7.374409505975050958e-15
6.965419572015675660e-15
6.556429638056299573e-15
6.147439704096923486e-15
5.738449770137547399e-15
5.329459836178171313e-15
5.141156180378588550e-15
5.835597637218177504e-15
6.530039094057766459e-15
7.224480550897355413e-15
7.918922007736943579e-15
8.613363464576533322e-15
9.307804921416121488e-15
1.034098636974700511e-14
1.194276708950970355e-14
1.354454780927240358e-14
1.514632852903510360e-14
1.674810924879780363e-14
1.834988996856050050e-14
1.995167068832320053e-14
2.046880827485396381e-14
2.008648570211921912e-14
1.970416312938447443e-14
1.932184055664972974e-14
1.893951798391498820e-14
1.855719541118024351e-14
1.817487283844549882e-14
1.684758726175364824e-14
1.515281607241181589e-14
1.345804488306998038e-14
1.176327369372814645e-14
1.006850250438631252e-14
8.373731315044477014e-15
6.678960125702643085e-15
6.084097273047143370e-15
5.620566759100459868e-15
5.157036245153776367e-15
4.693505731207092866e-15
4.229975217260409365e-15
3.766444703313725864e-15
3.324528722993642569e-15
3.185216213445960590e-15
3.045903703898279006e-15
2.906591194350597421e-15
2.767278684802915442e-15
2.627966175255233858e-15
2.488653665707552273e-15
2.355396776117100172e-15
2.241316016391209287e-15
2.127235256665318007e-15
2.013154496939426727e-15
1.899073737213535841e-15
1.784992977487644562e-15
1.670912217761753479e-15
1.572008034769280705e-15
1.494644799398433892e-15
1.417281564027587079e-15
1.339918328656740068e-15
1.262555093285893453e-15
1.185191857915046442e-15
1.107828622544199629e-15
1.034900207213651652e-15
9.650963241842234710e-16
8.952924411547952898e-16
8.254885581253669114e-16
7.556846750959387302e-16
6.858807920665104504e-16
6.160769090370821706e-16
5.784242191075712911e-16
5.509245375254027589e-16
5.234248559432341281e-16
4.959251743610654973e-16
4.684254927788969651e-16
4.409258111967283836e-16
4.134261296145598021e-16
4.002807325536338487e-16
3.881606415299394834e-16
3.760405505062451181e-16
3.639204594825507528e-16
3.518003684588563875e-16
3.396802774351620222e-16
3.277315869902038788e-16
3.172183763921614144e-16
3.067051657941189994e-16
2.961919551960765351e-16
2.856787445980341200e-16
2.751655339999916557e-16
2.646523234019492407e-16
2.547220909359484523e-16
2.462909450951975963e-16
2.378597992544467895e-16
2.294286534136959827e-16
2.209975075729451267e-16
2.125663617321942953e-16
2.041352158914434639e-16
1.998380384419185749e-16
2.005259405229896774e-16
2.012138426040607799e-16
2.019017446851318825e-16
2.025896467662029604e-16
2.032775488472740629e-16
2.039654509283451654e-16
2.072442247194335033e-16
2.120664965505321442e-16
2.168887683816307604e-16
2.217110402127293767e-16
2.265333120438280176e-16
2.313555838749266585e-16
2.361778557060252501e-16
2.404316121497700644e-16
2.445432397466764345e-16
2.486548673435828046e-16
2.527664949404891254e-16
2.568781225373954955e-16
2.609897501343018656e-16
2.651013777312082357e-16
2.742939157621321788e-16
2.836256568186456296e-16
2.929573978751590804e-16
3.022891389316725313e-16
3.116208799881859821e-16
3.209526210446994822e-16
3.301858165140746009e-16
3.388456558400994594e-16
3.475054951661242686e-16
3.561653344921491272e-16
3.648251738181739857e-16
3.734850131441987950e-16
3.821448524702236535e-16
3.864688547504763001e-16
3.815792033084630393e-16
3.766895518664497785e-16
3.717999004244364683e-16
3.669102489824232075e-16
3.620205975404099467e-16
3.571309460983966859e-16
3.552872473011592798e-16
3.565718241931511538e-16
3.578564010851430278e-16
3.591409779771349018e-16
3.604255548691267758e-16
3.617101317611186498e-16
3.629947086531105731e-16
3.590111544532698218e-16
3.523935347075127578e-16
3.457759149617557432e-16
3.391582952159986792e-16
3.325406754702416152e-16
3.259230557244846005e-16
3.193054359787275366e-16
3.129603170980408100e-16
3.066671031440340703e-16
3.003738891900273798e-16
2.940806752360206894e-16
2.877874612820139989e-16
2.814942473280073085e-16
2.751846611472379155e-16
2.676635301860325808e-16
2.601423992248271968e-16
2.526212682636218128e-16
2.451001373024164781e-16
2.375790063412110940e-16
2.300578753800057593e-16
2.233901791117951138e-16
2.204410197202044499e-16
2.174918603286137859e-16
2.145427009370230973e-16
2.115935415454324334e-16
2.086443821538417694e-16
2.056952227622510808e-16
2.058009864053628581e-16
2.113377243323900866e-16
2.168744622594173150e-16
2.224112001864445435e-16
2.279479381134717473e-16
2.334846760404990004e-16
2.390214139675262042e-16
2.685505440614118118e-16
3.190730173012984364e-16
3.695954905411850611e-16
4.201179637810717350e-16
4.706404370209584090e-16
5.211629102608449843e-16
5.716853835007316583e-16
6.073649416979153900e-16
6.368832898773732548e-16
6.664016380568312183e-16
6.959199862362890832e-16
7.254383344157470466e-16
7.549566825952049115e-16
7.844750307746627763e-16
7.302102928121323746e-16
6.645205885575125068e-16
5.988308843028926391e-16
5.331411800482727713e-16
4.674514757936530022e-16
4.017617715390331345e-16
3.386369716403945607e-16
3.210392240604240416e-16
3.034414764804535717e-16
2.858437289004830525e-16
2.682459813205125827e-16
2.506482337405421128e-16
2.330504861605715936e-16
2.190839143690176117e-16
2.175060599732375760e-16
2.159282055774575156e-16
2.143503511816774799e-16
2.127724967858974442e-16
2.111946423901174085e-16
2.096167879943373728e-16
2.078563277266796099e-16
2.058219586512053056e-16
2.037875895757310012e-16
2.017532205002566969e-16
1.997188514247823926e-16
1.976844823493080883e-16
1.956501132738337593e-16
1.942722909083916056e-16
1.933830614434384460e-16
1.924938319784853111e-16
1.916046025135321762e-16
1.907153730485790413e-16
1.898261435836259064e-16
1.889369141186727468e-16
1.906252007278940660e-16
1.931880017194245544e-16
1.957508027109550427e-16
1.983136037024855557e-16
2.008764046940160440e-16
2.034392056855465324e-16
2.060020066770770454e-16
2.131650331360443511e-16
2.207280792008757579e-16
2.282911252657071401e-16
2.358541713305385716e-16
2.434172173953699538e-16
2.509802634602013360e-16
2.575510946240621866e-16
2.544832667499234401e-16
2.514154388757846936e-16
2.483476110016458978e-16
2.452797831275071513e-16
2.422119552533684048e-16
2.391441273792296583e-16
2.355281449951902085e-16
2.304047377089238368e-16
2.252813304226574651e-16
2.201579231363910935e-16
2.150345158501247218e-16
2.099111085638583748e-16
2.047877012775920031e-16
2.027854335131051899e-16
2.047555251399741382e-16
2.067256167668430619e-16
2.086957083937120101e-16
2.106658000205809584e-16
2.126358916474499067e-16
2.146059832743188550e-16
2.149741973202717532e-16
2.143325320217340809e-16
2.136908667231964333e-16
2.130492014246587857e-16
2.124075361261211381e-16
2.117658708275834659e-16
2.111242055290458182e-16
2.118127097263969461e-16
2.128619378548365800e-16
2.139111659832761893e-16
2.149603941117158233e-16
2.160096222401554326e-16
2.170588503685950665e-16
2.181080784970346758e-16
2.192054517776326209e-16
2.203048311062371684e-16
2.214042104348416912e-16
2.225035897634462141e-16
2.236029690920507616e-16
2.247023484206553091e-16
2.251236849667426842e-16
2.211377434264686106e-16
2.171518018861945125e-16
2.131658603459204143e-16
2.091799188056463408e-16
2.051939772653722427e-16
2.012080357250981445e-16
1.992420103111072337e-16
2.018427517913217418e-16
2.044434932715362746e-16
2.070442347517507827e-16
2.096449762319653154e-16
2.122457177121798482e-16
2.148464591923943563e-16
2.189073701863872442e-16
2.245501314869733193e-16
2.301928927875594437e-16
2.358356540881455681e-16
2.414784153887316432e-16
2.471211766893177676e-16
2.527639379899038921e-16
2.529128424671316002e-16
2.501466392421691807e-16
2.473804360172067119e-16
2.446142327922442924e-16
2.418480295672818728e-16
2.390818263423194533e-16
2.363156231173570338e-16
2.207535093932196271e-16
2.025083821773197811e-16
1.842632549614199105e-16
1.660181277455200645e-16
1.477730005296201939e-16
1.295278733137203232e-16
1.112827460978204526e-16
