8.154702828191404234e-17
1.165774478442936377e-16
1.516078674066732700e-16
1.866382869690528529e-16
2.216687065314324852e-16
2.566991260938120682e-16
2.917295456561917005e-16
3.267599652185712835e-16
3.617903847809509158e-16
3.968208043433304988e-16
4.318512239057101311e-16
4.298497659785471112e-16
4.278483080513840913e-16
4.258468501242211208e-16
4.238453921970581009e-16
4.218439342698950810e-16
4.198424763427320611e-16
4.178410184155690412e-16
4.158395604884060706e-16
4.138381025612430508e-16
4.118366446340800309e-16
4.046055358920417390e-16
3.973744271500033979e-16
3.901433184079651060e-16
3.829122096659267649e-16
3.756811009238884730e-16
3.684499921818501812e-16
3.612188834398118400e-16
3.539877746977735482e-16
3.467566659557352071e-16
3.395255572136969152e-16
3.347082796239965332e-16
3.298910020342961511e-16
3.250737244445957198e-16
3.202564468548953377e-16
3.154391692651949557e-16
3.106218916754945736e-16
3.058046140857941916e-16
3.009873364960937602e-16
2.961700589063933782e-16
2.913527813166929962e-16
2.910097982390088467e-16
2.906668151613247465e-16
2.903238320836406464e-16
2.899808490059564969e-16
2.896378659282723475e-16
2.892948828505882473e-16
2.889518997729041471e-16
2.886089166952199977e-16
2.882659336175358482e-16
2.879229505398517480e-16
2.870262358662744777e-16
2.861295211926971581e-16
2.852328065191198878e-16
2.843360918455426175e-16
2.834393771719653472e-16
2.825426624983880276e-16
2.816459478248107573e-16
2.807492331512334870e-16
2.798525184776561674e-16
2.789558038040788971e-16
2.764492460751898268e-16
2.739426883463007565e-16
2.714361306174116861e-16
2.689295728885226158e-16
2.664230151596335455e-16
2.639164574307444752e-16
2.614098997018554048e-16
2.589033419729663345e-16
2.563967842440772642e-16
2.538902265151881939e-16
2.522534625653003523e-16
2.506166986154125106e-16
2.489799346655246690e-16
2.473431707156368274e-16
2.457064067657490351e-16
2.440696428158611935e-16
2.424328788659733519e-16
2.407961149160855103e-16
2.391593509661976687e-16
2.375225870163098271e-16
2.366584778796259117e-16
2.357943687429420456e-16
2.349302596062581302e-16
2.340661504695742147e-16
2.332020413328902993e-16
2.323379321962064332e-16
2.314738230595225178e-16
2.306097139228386024e-16
2.297456047861547363e-16
2.288814956494708209e-16
2.286232905893811104e-16
2.283650855292913999e-16
2.281068804692016895e-16
2.278486754091119790e-16
2.275904703490222686e-16
2.273322652889326074e-16
2.270740602288428970e-16
2.268158551687531865e-16
2.265576501086634760e-16
2.262994450485737656e-16
2.266161842409761502e-16
2.269329234333785841e-16
2.272496626257809688e-16
2.275664018181833534e-16
2.278831410105857380e-16
2.281998802029881719e-16
2.285166193953905565e-16
2.288333585877929412e-16
2.291500977801953751e-16
2.294668369725977597e-16
2.289948829627611484e-16
2.285229289529245371e-16
2.280509749430879258e-16
2.275790209332513145e-16
2.271070669234147032e-16
2.266351129135780919e-16
2.261631589037414806e-16
2.256912048939048693e-16
2.252192508840682580e-16
2.247472968742316467e-16
2.234795699647508974e-16
2.222118430552701482e-16
2.209441161457894236e-16
2.196763892363086744e-16
2.184086623268279498e-16
2.171409354173472006e-16
2.158732085078664514e-16
2.146054815983857022e-16
2.133377546889049776e-16
2.120700277794242284e-16
2.112045885280945096e-16
2.103391492767647908e-16
2.094737100254350473e-16
2.086082707741053286e-16
2.077428315227756098e-16
2.068773922714458910e-16
2.060119530201161722e-16
2.051465137687864288e-16
2.042810745174567100e-16
2.034156352661269912e-16
2.039272101105007532e-16
2.044387849548744906e-16
2.049503597992482527e-16
2.054619346436219901e-16
2.059735094879957521e-16
2.064850843323695142e-16
2.069966591767432515e-16
2.075082340211170136e-16
2.080198088654907510e-16
2.085313837098645130e-16
2.079297074026365308e-16
2.073280310954085485e-16
2.067263547881805663e-16
2.061246784809525841e-16
2.055230021737246018e-16
2.049213258664966196e-16
2.043196495592686373e-16
2.037179732520406551e-16
2.031162969448126728e-16
2.025146206375846906e-16
2.018590064812046512e-16
2.012033923248246364e-16
2.005477781684445969e-16
1.998921640120645575e-16
1.992365498556845427e-16
1.985809356993045033e-16
1.979253215429244638e-16
1.972697073865444244e-16
1.966140932301644096e-16
1.959584790737843702e-16
1.961045011539447953e-16
1.962505232341051957e-16
1.963965453142656208e-16
1.965425673944260212e-16
1.966885894745864463e-16
1.968346115547468714e-16
1.969806336349072719e-16
1.971266557150676970e-16
1.972726777952280974e-16
1.974186998753885225e-16
1.972854895558297182e-16
1.971522792362709139e-16
1.970190689167121096e-16
1.968858585971533054e-16
1.967526482775945011e-16
1.966194379580356721e-16
1.964862276384768678e-16
1.963530173189180636e-16
1.962198069993592593e-16
1.960865966798004550e-16
1.960715123542136955e-16
1.960564280286269113e-16
1.960413437030401518e-16
1.960262593774533676e-16
1.960111750518666081e-16
1.959960907262798485e-16
1.959810064006930644e-16
1.959659220751063048e-16
1.959508377495195207e-16
1.959357534239327611e-16
1.964733997726031722e-16
1.970110461212736079e-16
1.975486924699440190e-16
1.980863388186144301e-16
1.986239851672848411e-16
1.991616315159552769e-16
1.996992778646256879e-16
2.002369242132960990e-16
2.007745705619665347e-16
2.013122169106369458e-16
2.012196640065618044e-16
2.011271111024866383e-16
2.010345581984114969e-16
2.009420052943363308e-16
2.008494523902611894e-16
2.007568994861860480e-16
2.006643465821108820e-16
2.005717936780357405e-16
2.004792407739605745e-16
2.003866878698854331e-16
1.998050040149037803e-16
1.992233201599221028e-16
1.986416363049404254e-16
1.980599524499587726e-16
1.974782685949771198e-16
1.968965847399954424e-16
1.963149008850137650e-16
1.957332170300321122e-16
1.951515331750504594e-16
1.945698493200687820e-16
1.943150595331145440e-16
1.940602697461602813e-16
1.938054799592060433e-16
1.935506901722518053e-16
1.932959003852975426e-16
1.930411105983433046e-16
1.927863208113890666e-16
1.925315310244348286e-16
1.922767412374805660e-16
1.920219514505263280e-16
1.924496339792378941e-16
1.928773165079494355e-16
1.933049990366610017e-16
1.937326815653725678e-16
1.941603640940841339e-16
1.945880466227956754e-16
1.950157291515072415e-16
1.954434116802188076e-16
1.958710942089303491e-16
1.962987767376419152e-16
1.966253596904810555e-16
1.969519426433201958e-16
1.972785255961593608e-16
1.976051085489985011e-16
1.979316915018376414e-16
1.982582744546767817e-16
1.985848574075159221e-16
1.989114403603550870e-16
1.992380233131942273e-16
1.995646062660333676e-16
1.993917583444134524e-16
1.992189104227935125e-16
1.990460625011735973e-16
1.988732145795536574e-16
1.987003666579337421e-16
1.985275187363138269e-16
1.983546708146938870e-16
1.981818228930739718e-16
1.980089749714540319e-16
1.978361270498341167e-16
1.971416426265339397e-16
1.964471582032337382e-16
1.957526737799335613e-16
1.950581893566333597e-16
1.943637049333331828e-16
1.936692205100330059e-16
1.929747360867328044e-16
1.922802516634326274e-16
1.915857672401324259e-16
1.908912828168322490e-16
1.905953424106756588e-16
1.902994020045190687e-16
1.900034615983624785e-16
1.897075211922058884e-16
1.894115807860492982e-16
1.891156403798927081e-16
1.888196999737361179e-16
1.885237595675795278e-16
1.882278191614229376e-16
1.879318787552663475e-16
1.883368315420803336e-16
1.887417843288942951e-16
1.891467371157082566e-16
1.895516899025222427e-16
1.899566426893362289e-16
1.903615954761501904e-16
1.907665482629641518e-16
1.911715010497781380e-16
1.915764538365921241e-16
1.919814066234060856e-16
1.924614257567036711e-16
1.929414448900012813e-16
1.934214640232988668e-16
1.939014831565964770e-16
1.943815022898940625e-16
1.948615214231916481e-16
1.953415405564892582e-16
1.958215596897868438e-16
1.963015788230844540e-16
1.967815979563820395e-16
1.968260302682351759e-16
1.968704625800883123e-16
1.969148948919414241e-16
1.969593272037945605e-16
1.970037595156476969e-16
1.970481918275008333e-16
1.970926241393539697e-16
1.971370564512070815e-16
1.971814887630602179e-16
1.972259210749133543e-16
1.975350040323958978e-16
1.978440869898784659e-16
1.981531699473610093e-16
1.984622529048435774e-16
1.987713358623261208e-16
1.990804188198086643e-16
1.993895017772912324e-16
1.996985847347737758e-16
2.000076676922563439e-16
2.003167506497388873e-16
1.997585568744598317e-16
1.992003630991807515e-16
1.986421693239016958e-16
1.980839755486226402e-16
1.975257817733435846e-16
1.969675879980645043e-16
1.964093942227854487e-16
1.958512004475063931e-16
1.952930066722273129e-16
1.947348128969482572e-16
1.936326689754301338e-16
1.925305250539120350e-16
1.914283811323939115e-16
1.903262372108758127e-16
1.892240932893576893e-16
1.881219493678395658e-16
1.870198054463214670e-16
1.859176615248033436e-16
1.848155176032852448e-16
1.837133736817671213e-16
1.834229905580630168e-16
1.831326074343589124e-16
1.828422243106548079e-16
1.825518411869507034e-16
1.822614580632465989e-16
1.819710749395424944e-16
1.816806918158383899e-16
1.813903086921342854e-16
1.810999255684301809e-16
1.808095424447260764e-16
1.809409044493121986e-16
1.810722664538983208e-16
1.812036284584844431e-16
1.813349904630705653e-16
1.814663524676566875e-16
1.815977144722427850e-16
1.817290764768289073e-16
1.818604384814150295e-16
1.819918004860011517e-16
1.821231624905872739e-16
1.823648934214576266e-16
1.826066243523280040e-16
1.828483552831983567e-16
1.830900862140687094e-16
1.833318171449390621e-16
1.835735480758094395e-16
1.838152790066797922e-16
1.840570099375501450e-16
1.842987408684205223e-16
1.845404717992908750e-16
1.842039255325529454e-16
1.838673792658150158e-16
1.835308329990770862e-16
1.831942867323391567e-16
1.828577404656012271e-16
1.825211941988632728e-16
1.821846479321253432e-16
1.818481016653874136e-16
1.815115553986494840e-16
1.811750091319115544e-16
1.813547678244463201e-16
1.815345265169811105e-16
1.817142852095158762e-16
1.818940439020506666e-16
1.820738025945854323e-16
1.822535612871201980e-16
1.824333199796549884e-16
1.826130786721897541e-16
1.827928373647245445e-16
1.829725960572593102e-16
1.834506693389157576e-16
1.839287426205722298e-16
1.844068159022286772e-16
1.848848891838851493e-16
1.853629624655415968e-16
1.858410357471980443e-16
1.863191090288545164e-16
1.867971823105109638e-16
1.872752555921674360e-16
1.877533288738238834e-16
1.876863112733342565e-16
1.876192936728446296e-16
1.875522760723550027e-16
1.874852584718653757e-16
1.874182408713757488e-16
1.873512232708861219e-16
1.872842056703964950e-16
1.872171880699068680e-16
1.871501704694172411e-16
1.870831528689276142e-16
1.871177376722509929e-16
1.871523224755743716e-16
1.871869072788977502e-16
1.872214920822211289e-16
1.872560768855445076e-16
1.872906616888678863e-16
1.873252464921912650e-16
1.873598312955146437e-16
1.873944160988380223e-16
1.874290009021614010e-16
1.872562043052476397e-16
1.870834077083339030e-16
1.869106111114201416e-16
1.867378145145063802e-16
1.865650179175926435e-16
1.863922213206788822e-16
1.862194247237651208e-16
1.860466281268513594e-16
1.858738315299376227e-16
1.857010349330238614e-16
1.858927062083647893e-16
1.860843774837057419e-16
1.862760487590466698e-16
1.864677200343875977e-16
1.866593913097285256e-16
1.868510625850694782e-16
1.870427338604104061e-16
1.872344051357513340e-16
1.874260764110922866e-16
1.876177476864332145e-16
1.874544874024880650e-16
1.872912271185429400e-16
1.871279668345977905e-16
1.869647065506526656e-16
1.868014462667075160e-16
1.866381859827623665e-16
1.864749256988172416e-16
1.863116654148720920e-16
1.861484051309269671e-16
1.859851448469818175e-16
1.858707182747857974e-16
1.857562917025897773e-16
1.856418651303937325e-16
1.855274385581977124e-16
1.854130119860016922e-16
1.852985854138056721e-16
1.851841588416096520e-16
1.850697322694136072e-16
1.849553056972175870e-16
1.848408791250215669e-16
1.851090617588083920e-16
1.853772443925952171e-16
1.856454270263820668e-16
1.859136096601688919e-16
1.861817922939557170e-16
1.864499749277425420e-16
1.867181575615293671e-16
1.869863401953162169e-16
1.872545228291030419e-16
1.875227054628898670e-16
1.876962631649107218e-16
1.878698208669315766e-16
1.880433785689524314e-16
1.882169362709732862e-16
1.883904939729941163e-16
1.885640516750149711e-16
1.887376093770358259e-16
1.889111670790566806e-16
1.890847247810775354e-16
1.892582824830983902e-16
1.889831712845127752e-16
1.887080600859271602e-16
1.884329488873415451e-16
1.881578376887559301e-16
1.878827264901703397e-16
1.876076152915847247e-16
1.873325040929991097e-16
1.870573928944134947e-16
1.867822816958278797e-16
1.865071704972422646e-16
1.862676510365391412e-16
1.860281315758360424e-16
1.857886121151329189e-16
1.855490926544297955e-16
1.853095731937266720e-16
1.850700537330235732e-16
1.848305342723204498e-16
1.845910148116173263e-16
1.843514953509142275e-16
1.841119758902111041e-16
1.839964666974294092e-16
1.838809575046477390e-16
1.837654483118660441e-16
1.836499391190843493e-16
1.835344299263026791e-16
1.834189207335209842e-16
1.833034115407392894e-16
1.831879023479575945e-16
1.830723931551759243e-16
1.829568839623942294e-16
1.828260400197569995e-16
1.826951960771197943e-16
1.825643521344825644e-16
1.824335081918453345e-16
1.823026642492081292e-16
1.821718203065708993e-16
1.820409763639336694e-16
1.819101324212964395e-16
1.817792884786592343e-16
1.816484445360220044e-16
1.814586073409073136e-16
1.812687701457925982e-16
1.810789329506778828e-16
1.808890957555631920e-16
1.806992585604485012e-16
1.805094213653337858e-16
1.803195841702190704e-16
1.801297469751043796e-16
1.799399097799896889e-16
1.797500725848749734e-16
1.793440839678305044e-16
1.789380953507860106e-16
1.785321067337415415e-16
1.781261181166970725e-16
1.777201294996525787e-16
1.773141408826081096e-16
1.769081522655636406e-16
1.765021636485191715e-16
1.760961750314746777e-16
1.756901864144302087e-16
1.759346538567720587e-16
1.761791212991139087e-16
1.764235887414557587e-16
1.766680561837976088e-16
1.769125236261394834e-16
1.771569910684813335e-16
1.774014585108231835e-16
1.776459259531650335e-16
1.778903933955068835e-16
1.781348608378487336e-16
1.789131875539260387e-16
1.796915142700033438e-16
1.804698409860806489e-16
1.812481677021579540e-16
1.820264944182352591e-16
1.828048211343125395e-16
1.835831478503898446e-16
1.843614745664671497e-16
1.851398012825444548e-16
1.859181279986217599e-16
1.858514091896990339e-16
1.857846903807763325e-16
1.857179715718536310e-16
1.856512527629309050e-16
1.855845339540082036e-16
1.855178151450854775e-16
1.854510963361627761e-16
1.853843775272400500e-16
1.853176587183173486e-16
1.852509399093946225e-16
1.847223202150784622e-16
1.841937005207622773e-16
1.836650808264461170e-16
1.831364611321299320e-16
1.826078414378137717e-16
1.820792217434976114e-16
1.815506020491814265e-16
1.810219823548652662e-16
1.804933626605490812e-16
1.799647429662329209e-16
1.801365717611341459e-16
1.803084005560353710e-16
1.804802293509365714e-16
1.806520581458377964e-16
1.808238869407390215e-16
1.809957157356402465e-16
1.811675445305414716e-16
1.813393733254426719e-16
1.815112021203438970e-16
1.816830309152451220e-16
1.816017953978813047e-16
1.815205598805175121e-16
1.814393243631536948e-16
1.813580888457899021e-16
1.812768533284260848e-16
1.811956178110622675e-16
1.811143822936984749e-16
1.810331467763346576e-16
1.809519112589708650e-16
1.808706757416070477e-16
1.810323470341845395e-16
1.811940183267620314e-16
1.813556896193395232e-16
1.815173609119170151e-16
1.816790322044944823e-16
1.818407034970719742e-16
1.820023747896494661e-16
1.821640460822269579e-16
1.823257173748044498e-16
1.824873886673819416e-16
1.828227655565896379e-16
1.831581424457973341e-16
1.834935193350050056e-16
1.838288962242127019e-16
1.841642731134203981e-16
1.844996500026280943e-16
1.848350268918357905e-16
1.851704037810434621e-16
1.855057806702511583e-16
1.858411575594588545e-16
1.853983106663483649e-16
1.849554637732378999e-16
1.845126168801274349e-16
1.840697699870169452e-16
1.836269230939064556e-16
1.831840762007959906e-16
1.827412293076855256e-16
1.822983824145750359e-16
1.818555355214645463e-16
1.814126886283540813e-16
1.812748564781425412e-16
1.811370243279310011e-16
1.809991921777194611e-16
1.808613600275079210e-16
1.807235278772963809e-16
1.805856957270848408e-16
1.804478635768733008e-16
1.803100314266617607e-16
1.801721992764502206e-16
1.800343671262386805e-16
1.799790499630950815e-16
1.799237327999515071e-16
1.798684156368079080e-16
1.798130984736643336e-16
1.797577813105207345e-16
1.797024641473771354e-16
1.796471469842335610e-16
1.795918298210899619e-16
1.795365126579463875e-16
1.794811954948027885e-16
1.792761444513691364e-16
1.790710934079355090e-16
1.788660423645018570e-16
1.786609913210682296e-16
1.784559402776345775e-16
1.782508892342009255e-16
1.780458381907672981e-16
1.778407871473336461e-16
1.776357361039000187e-16
1.774306850604663666e-16
1.777856235655068566e-16
1.781405620705473465e-16
1.784955005755878365e-16
1.788504390806283264e-16
1.792053775856688163e-16
1.795603160907093063e-16
1.799152545957497962e-16
1.802701931007902862e-16
1.806251316058307761e-16
1.809800701108712660e-16
1.812081795288687716e-16
1.814362889468662525e-16
1.816643983648637581e-16
1.818925077828612636e-16
1.821206172008587445e-16
1.823487266188562501e-16
1.825768360368537557e-16
1.828049454548512612e-16
1.830330548728487421e-16
1.832611642908462477e-16
1.828758753617469137e-16
1.824905864326476043e-16
1.821052975035482703e-16
1.817200085744489362e-16
1.813347196453496022e-16
1.809494307162502928e-16
1.805641417871509588e-16
1.801788528580516248e-16
1.797935639289523154e-16
1.794082749998529814e-16
1.784779815385517228e-16
1.775476880772504643e-16
1.766173946159491811e-16
1.756871011546479225e-16
1.747568076933466640e-16
1.738265142320454054e-16
1.728962207707441469e-16
1.719659273094428637e-16
1.710356338481416051e-16
1.701053403868403466e-16
1.704738934651134363e-16
1.708424465433865260e-16
1.712109996216596157e-16
1.715795526999327053e-16
1.719481057782057950e-16
1.723166588564788847e-16
1.726852119347519744e-16
1.730537650130250641e-16
1.734223180912981538e-16
1.737908711695712434e-16
1.736370403732115367e-16
1.734832095768518300e-16
1.733293787804920986e-16
1.731755479841323919e-16
1.730217171877726852e-16
1.728678863914129785e-16
1.727140555950532717e-16
1.725602247986935404e-16
1.724063940023338337e-16
1.722525632059741269e-16
1.719465148169185479e-16
1.716404664278629934e-16
1.713344180388074143e-16
1.710283696497518599e-16
1.707223212606962808e-16
1.704162728716407017e-16
1.701102244825851473e-16
1.698041760935295682e-16
1.694981277044740138e-16
1.691920793154184347e-16
1.689498294954093080e-16
1.687075796754001813e-16
1.684653298553910546e-16
1.682230800353819279e-16
1.679808302153728012e-16
1.677385803953636745e-16
1.674963305753545478e-16
1.672540807553454211e-16
1.670118309353362944e-16
1.667695811153271677e-16
1.663912821174266137e-16
1.660129831195260596e-16
1.656346841216255303e-16
1.652563851237249763e-16
1.648780861258244222e-16
1.644997871279238682e-16
1.641214881300233142e-16
1.637431891321227848e-16
1.633648901342222308e-16
1.629865911363216768e-16
1.633171260436711219e-16
1.636476609510205916e-16
1.639781958583700367e-16
1.643087307657195064e-16
1.646392656730689515e-16
1.649698005804183966e-16
1.653003354877678663e-16
1.656308703951173114e-16
1.659614053024667811e-16
1.662919402098162262e-16
1.664981591539985021e-16
1.667043780981807779e-16
1.669105970423630292e-16
1.671168159865453050e-16
1.673230349307275809e-16
1.675292538749098568e-16
1.677354728190921327e-16
1.679416917632743839e-16
1.681479107074566598e-16
1.683541296516389356e-16
1.679039310879837315e-16
1.674537325243285274e-16
1.670035339606733233e-16
1.665533353970181191e-16
1.661031368333629397e-16
1.656529382697077355e-16
1.652027397060525314e-16
1.647525411423973273e-16
1.643023425787421232e-16
1.638521440150869191e-16
1.641083844684909512e-16
1.643646249218950080e-16
1.646208653752990401e-16
1.648771058287030723e-16
1.651333462821071044e-16
1.653895867355111612e-16
1.656458271889151934e-16
1.659020676423192255e-16
1.661583080957232823e-16
1.664145485491273145e-16
1.663158969986503555e-16
1.662172454481733966e-16
1.661185938976964622e-16
1.660199423472195033e-16
1.659212907967425443e-16
1.658226392462655854e-16
1.657239876957886264e-16
1.656253361453116921e-16
1.655266845948347331e-16
1.654280330443577742e-16
1.655085438976084402e-16
1.655890547508590817e-16
1.656695656041097477e-16
1.657500764573603892e-16
1.658305873106110553e-16
1.659110981638617213e-16
1.659916090171123628e-16
1.660721198703630288e-16
1.661526307236136703e-16
1.662331415768643363e-16
1.661676818185918793e-16
1.661022220603194469e-16
1.660367623020470145e-16
1.659713025437745574e-16
1.659058427855021003e-16
1.658403830272296679e-16
1.657749232689572355e-16
1.657094635106847785e-16
1.656440037524123214e-16
1.655785439941398890e-16
1.656897982741951412e-16
1.658010525542503934e-16
1.659123068343056703e-16
1.660235611143609225e-16
1.661348153944161747e-16
1.662460696744714269e-16
1.663573239545266791e-16
1.664685782345819560e-16
1.665798325146372082e-16
1.666910867946924604e-16
1.662863999803427139e-16
1.658817131659929427e-16
1.654770263516431961e-16
1.650723395372934249e-16
1.646676527229436784e-16
1.642629659085939318e-16
1.638582790942441606e-16
1.634535922798944141e-16
1.630489054655446429e-16
1.626442186511948963e-16
1.632994360020452540e-16
1.639546533528956116e-16
1.646098707037459940e-16
1.652650880545963516e-16
1.659203054054467093e-16
1.665755227562970669e-16
1.672307401071474246e-16
1.678859574579978069e-16
1.685411748088481645e-16
1.691963921596985222e-16
1.696257079856359285e-16
1.700550238115733103e-16
1.704843396375107166e-16
1.709136554634481230e-16
1.713429712893855047e-16
1.717722871153229111e-16
1.722016029412603175e-16
1.726309187671977239e-16
1.730602345931351056e-16
1.734895504190725120e-16
1.730899169768026068e-16
1.726902835345326770e-16
1.722906500922627718e-16
1.718910166499928420e-16
1.714913832077229368e-16
1.710917497654530317e-16
1.706921163231831018e-16
1.702924828809131967e-16
1.698928494386432668e-16
1.694932159963733617e-16
1.697326713295143060e-16
1.699721266626552257e-16
1.702115819957961701e-16
1.704510373289370898e-16
1.706904926620780342e-16
1.709299479952189785e-16
1.711694033283598982e-16
1.714088586615008426e-16
1.716483139946417623e-16
1.718877693277827067e-16
1.718813646613810572e-16
1.718749599949793831e-16
1.718685553285777090e-16
1.718621506621760596e-16
1.718557459957744101e-16
1.718493413293727360e-16
1.718429366629710619e-16
1.718365319965694125e-16
1.718301273301677630e-16
1.718237226637660889e-16
1.718490531949036714e-16
1.718743837260412538e-16
1.718997142571788363e-16
1.719250447883164187e-16
1.719503753194540012e-16
1.719757058505915590e-16
1.720010363817291414e-16
1.720263669128667239e-16
1.720516974440043063e-16
1.720770279751418888e-16
1.723773969334254327e-16
1.726777658917089767e-16
1.729781348499925453e-16
1.732785038082760893e-16
1.735788727665596332e-16
1.738792417248431772e-16
1.741796106831267212e-16
1.744799796414102898e-16
1.747803485996938337e-16
1.750807175579773777e-16
1.744348269911007517e-16
1.737889364242241011e-16
1.731430458573474751e-16
1.724971552904708492e-16
1.718512647235942232e-16
1.712053741567175726e-16
1.705594835898409466e-16
1.699135930229643207e-16
1.692677024560876700e-16
1.686218118892110441e-16
1.683365628570258660e-16
1.680513138248406633e-16
1.677660647926554852e-16
1.674808157604702825e-16
1.671955667282851044e-16
1.669103176960999264e-16
1.666250686639147237e-16
1.663398196317295456e-16
1.660545705995443429e-16
1.657693215673591648e-16
1.659250576982359815e-16
1.660807938291127982e-16
1.662365299599896395e-16
1.663922660908664562e-16
1.665480022217432729e-16
1.667037383526200895e-16
1.668594744834969062e-16
1.670152106143737475e-16
1.671709467452505642e-16
1.673266828761273809e-16
1.672905886235796611e-16
1.672544943710319414e-16
1.672184001184842463e-16
1.671823058659365265e-16
1.671462116133888068e-16
1.671101173608410870e-16
1.670740231082933672e-16
1.670379288557456721e-16
1.670018346031979524e-16
1.669657403506502326e-16
1.669417368646400276e-16
1.669177333786298227e-16
1.668937298926195930e-16
1.668697264066093880e-16
1.668457229205991831e-16
1.668217194345889781e-16
1.667977159485787731e-16
1.667737124625685435e-16
1.667497089765583385e-16
1.667257054905481335e-16
1.665503493327473781e-16
1.663749931749466226e-16
1.661996370171458918e-16
1.660242808593451364e-16
1.658489247015443809e-16
1.656735685437436255e-16
1.654982123859428701e-16
1.653228562281421393e-16
1.651475000703413838e-16
1.649721439125406284e-16
1.661132712401298256e-16
1.672543985677190229e-16
1.683955258953082201e-16
1.695366532228974174e-16
1.706777805504866146e-16
1.718189078780758119e-16
1.729600352056650091e-16
1.741011625332542063e-16
1.752422898608434036e-16
1.763834171884326008e-16
1.786856570488436872e-16
1.809878969092547490e-16
1.832901367696658107e-16
1.855923766300768971e-16
1.878946164904879835e-16
1.901968563508990453e-16
1.924990962113101070e-16
1.948013360717211934e-16
1.971035759321322799e-16
1.994058157925433416e-16
1.976610748134548027e-16
1.959163338343662391e-16
1.941715928552776755e-16
1.924268518761891366e-16
1.906821108971005731e-16
1.889373699180120341e-16
1.871926289389234706e-16
1.854478879598349317e-16
1.837031469807463681e-16
1.819584060016578292e-16
1.808734987337050226e-16
1.797885914657521914e-16
1.787036841977993602e-16
1.776187769298465536e-16
1.765338696618937470e-16
1.754489623939409158e-16
1.743640551259880846e-16
1.732791478580352781e-16
1.721942405900824715e-16
1.711093333221296403e-16
1.711253487575784696e-16
1.711413641930272743e-16
1.711573796284760790e-16
1.711733950639249084e-16
1.711894104993737378e-16
1.712054259348225425e-16
1.712214413702713472e-16
1.712374568057201765e-16
1.712534722411690059e-16
1.712694876766178106e-16
1.714866595815723117e-16
1.717038314865267881e-16
1.719210033914812645e-16
1.721381752964357655e-16
1.723553472013902419e-16
1.725725191063447430e-16
1.727896910112992194e-16
1.730068629162537204e-16
1.732240348212081968e-16
1.734412067261626979e-16
1.740242935323289514e-16
1.746073803384952296e-16
1.751904671446615077e-16
1.757735539508277612e-16
1.763566407569940394e-16
1.769397275631602928e-16
1.775228143693265710e-16
1.781059011754928245e-16
1.786889879816591026e-16
1.792720747878253561e-16
1.791691863305045955e-16
1.790662978731838103e-16
1.789634094158630497e-16
1.788605209585422644e-16
1.787576325012215038e-16
1.786547440439007432e-16
1.785518555865799579e-16
1.784489671292591973e-16
1.783460786719384121e-16
1.782431902146176514e-16
1.783880942366202373e-16
1.785329982586228231e-16
1.786779022806254090e-16
1.788228063026279948e-16
1.789677103246306053e-16
1.791126143466331911e-16
1.792575183686357770e-16
1.794024223906383628e-16
1.795473264126409487e-16
1.796922304346435345e-16
1.794386395071454541e-16
1.791850485796473491e-16
1.789314576521492441e-16
1.786778667246511637e-16
1.784242757971530586e-16
1.781706848696549783e-16
1.779170939421568732e-16
1.776635030146587928e-16
1.774099120871606878e-16
1.771563211596626074e-16
1.766668227198441692e-16
1.761773242800257557e-16
1.756878258402073175e-16
1.751983274003888793e-16
1.747088289605704411e-16
1.742193305207520276e-16
1.737298320809335894e-16
1.732403336411151512e-16
1.727508352012967377e-16
1.722613367614782995e-16
1.725883354241898497e-16
1.729153340869013753e-16
1.732423327496129009e-16
1.735693314123244511e-16
1.738963300750360014e-16
1.742233287377475270e-16
1.745503274004590526e-16
1.748773260631706028e-16
1.752043247258821530e-16
1.755313233885936786e-16
1.754697608930709724e-16
1.754081983975482661e-16
1.753466359020255846e-16
1.752850734065028783e-16
1.752235109109801721e-16
1.751619484154574658e-16
1.751003859199347596e-16
1.750388234244120780e-16
1.749772609288893718e-16
1.749156984333666655e-16
1.755396290231441548e-16
1.761635596129216688e-16
1.767874902026991581e-16
1.774114207924766721e-16
1.780353513822541614e-16
1.786592819720316507e-16
1.792832125618091647e-16
1.799071431515866540e-16
1.805310737413641680e-16
1.811550043311416573e-16
1.802873597998643110e-16
1.794197152685869648e-16
1.785520707373096431e-16
1.776844262060322969e-16
1.768167816747549506e-16
1.759491371434776043e-16
1.750814926122002581e-16
1.742138480809229365e-16
1.733462035496455902e-16
1.724785590183682439e-16
1.727406904411003478e-16
1.730028218638324764e-16
1.732649532865646050e-16
1.735270847092967089e-16
1.737892161320288128e-16
1.740513475547609413e-16
1.743134789774930699e-16
1.745756104002251738e-16
1.748377418229572777e-16
1.750998732456894062e-16
1.755889100027110768e-16
1.760779467597327721e-16
1.765669835167544426e-16
1.770560202737761132e-16
1.775450570307978085e-16
1.780340937878194791e-16
1.785231305448411497e-16
1.790121673018628202e-16
1.795012040588845155e-16
1.799902408159061861e-16
1.802513663702340089e-16
1.805124919245618318e-16
1.807736174788896546e-16
1.810347430332174774e-16
1.812958685875453003e-16
1.815569941418731231e-16
1.818181196962009460e-16
1.820792452505287688e-16
1.823403708048565916e-16
1.826014963591844145e-16
1.830591666072846323e-16
1.835168368553848501e-16
1.839745071034850679e-16
1.844321773515852856e-16
1.848898475996855034e-16
1.853475178477857212e-16
1.858051880958859390e-16
1.862628583439861568e-16
1.867205285920863746e-16
1.871781988401865924e-16
1.867236022128672988e-16
1.862690055855480298e-16
1.858144089582287609e-16
1.853598123309094673e-16
1.849052157035901737e-16
1.844506190762709047e-16
1.839960224489516357e-16
1.835414258216323421e-16
1.830868291943130485e-16
1.826322325669937796e-16
1.821606015562736451e-16
1.816889705455534859e-16
1.812173395348333268e-16
1.807457085241131922e-16
1.802740775133930577e-16
1.798024465026728986e-16
1.793308154919527394e-16
1.788591844812326049e-16
1.783875534705124704e-16
1.779159224597923113e-16
1.776918762993886994e-16
1.774678301389850875e-16
1.772437839785815003e-16
1.770197378181778884e-16
1.767956916577742766e-16
1.765716454973706647e-16
1.763475993369670528e-16
1.761235531765634656e-16
1.758995070161598537e-16
1.756754608557562419e-16
1.756548654918787028e-16
1.756342701280011636e-16
1.756136747641236245e-16
1.755930794002460854e-16
1.755724840363685463e-16
1.755518886724910072e-16
1.755312933086134681e-16
1.755106979447359290e-16
1.754901025808583899e-16
1.754695072169808507e-16
1.755514964470011390e-16
1.756334856770214272e-16
1.757154749070417155e-16
1.757974641370620037e-16
1.758794533670822919e-16
1.759614425971026048e-16
1.760434318271228931e-16
1.761254210571431813e-16
1.762074102871634695e-16
1.762893995171837578e-16
1.764840821243919311e-16
1.766787647316001044e-16
1.768734473388083023e-16
1.770681299460164756e-16
1.772628125532246489e-16
1.774574951604328222e-16
1.776521777676409955e-16
1.778468603748491935e-16
1.780415429820573668e-16
1.782362255892655401e-16
1.782872777351035313e-16
1.783383298809415226e-16
1.783893820267795139e-16
1.784404341726175052e-16
1.784914863184554718e-16
1.785425384642934631e-16
1.785935906101314544e-16
1.786446427559694456e-16
1.786956949018074369e-16
1.787467470476454282e-16
1.792539558928755502e-16
1.797611647381056722e-16
1.802683735833357695e-16
1.807755824285658915e-16
1.812827912737960135e-16
1.817900001190261355e-16
1.822972089642562575e-16
1.828044178094863548e-16
1.833116266547164768e-16
1.838188354999465988e-16
1.836369310469283171e-16
1.834550265939100355e-16
1.832731221408917785e-16
1.830912176878734968e-16
1.829093132348552152e-16
1.827274087818369335e-16
1.825455043288186518e-16
1.823635998758003948e-16
1.821816954227821132e-16
1.819997909697638315e-16
1.822794410224459256e-16
1.825590910751280196e-16
1.828387411278101383e-16
1.831183911804922324e-16
1.833980412331743264e-16
1.836776912858564205e-16
1.839573413385385145e-16
1.842369913912206332e-16
1.845166414439027273e-16
1.847962914965848214e-16
1.848875713377000593e-16
1.849788511788152972e-16
1.850701310199305351e-16
1.851614108610457730e-16
1.852526907021610109e-16
1.853439705432762242e-16
1.854352503843914621e-16
1.855265302255067000e-16
1.856178100666219379e-16
1.857090899077371758e-16
1.857099959885989730e-16
1.857109020694607948e-16
1.857118081503225920e-16
1.857127142311844138e-16
1.857136203120462110e-16
1.857145263929080082e-16
1.857154324737698300e-16
1.857163385546316272e-16
1.857172446354934490e-16
1.857181507163552462e-16
1.858290948662661556e-16
1.859400390161770650e-16
1.860509831660879744e-16
1.861619273159988839e-16
1.862728714659097933e-16
1.863838156158207027e-16
1.864947597657316122e-16
1.866057039156425216e-16
1.867166480655534310e-16
1.868275922154643404e-16
1.868834605887882372e-16
1.869393289621121093e-16
1.869951973354360060e-16
1.870510657087598781e-16
1.871069340820837748e-16
1.871628024554076716e-16
1.872186708287315437e-16
1.872745392020554404e-16
1.873304075753793125e-16
1.873862759487032092e-16
1.879782539865515471e-16
1.885702320243998850e-16
1.891622100622481982e-16
1.897541881000965360e-16
1.903461661379448739e-16
1.909381441757932118e-16
1.915301222136415496e-16
1.921221002514898629e-16
1.927140782893382007e-16
1.933060563271865386e-16
1.988600649344037299e-16
2.044140735416209213e-16
2.099680821488380880e-16
2.155220907560552793e-16
2.210760993632724707e-16
2.266301079704896374e-16
2.321841165777068287e-16
2.377381251849240201e-16
2.432921337921412114e-16
2.488461423993584027e-16
2.469069706430149758e-16
2.449677988866714995e-16
2.430286271303280233e-16
2.410894553739845963e-16
2.391502836176411693e-16
2.372111118612976931e-16
2.352719401049542168e-16
2.333327683486107899e-16
2.313935965922673629e-16
2.294544248359238866e-16
2.258679804765035204e-16
2.222815361170831541e-16
2.186950917576627632e-16
2.151086473982423723e-16
2.115222030388220060e-16
2.079357586794016397e-16
2.043493143199812488e-16
2.007628699605608825e-16
1.971764256011404916e-16
1.935899812417201254e-16
1.938883449210901285e-16
1.941867086004601317e-16
1.944850722798301102e-16
1.947834359592001134e-16
1.950817996385701165e-16
1.953801633179401197e-16
1.956785269973101229e-16
1.959768906766801014e-16
1.962752543560501046e-16
1.965736180354201077e-16
1.982995882789171785e-16
2.000255585224142246e-16
2.017515287659112953e-16
2.034774990094083414e-16
2.052034692529054122e-16
2.069294394964024830e-16
2.086554097398995291e-16
2.103813799833965998e-16
2.121073502268936459e-16
2.138333204703907167e-16
2.172804343500874011e-16
2.207275482297840608e-16
2.241746621094807205e-16
2.276217759891774049e-16
2.310688898688740892e-16
2.345160037485707736e-16
2.379631176282674580e-16
2.414102315079640931e-16
2.448573453876607774e-16
2.483044592673574618e-16
2.520328889517015746e-16
2.557613186360457368e-16
2.594897483203898496e-16
2.632181780047339624e-16
2.669466076890780752e-16
2.706750373734222373e-16
2.744034670577663502e-16
2.781318967421104630e-16
2.818603264264546251e-16
2.855887561107987379e-16
2.854630276415749983e-16
2.853372991723512094e-16
2.852115707031274698e-16
2.850858422339037301e-16
2.849601137646799905e-16
2.848343852954562016e-16
2.847086568262324620e-16
2.845829283570087223e-16
2.844571998877849334e-16
2.843314714185611938e-16
2.818526214286380016e-16
2.793737714387147601e-16
2.768949214487915679e-16
2.744160714588683264e-16
2.719372214689451342e-16
2.694583714790219420e-16
2.669795214890987005e-16
2.645006714991755083e-16
2.620218215092522668e-16
2.595429715193290745e-16
2.570014877526545105e-16
2.544600039859799464e-16
2.519185202193054316e-16
2.493770364526308675e-16
2.468355526859563034e-16
2.442940689192817393e-16
2.417525851526071752e-16
2.392111013859326604e-16
2.366696176192580963e-16
2.341281338525835322e-16
2.333321206896092857e-16
2.325361075266350391e-16
2.317400943636608419e-16
2.309440812006865954e-16
2.301480680377123489e-16
2.293520548747381023e-16
2.285560417117638558e-16
2.277600285487896586e-16
2.269640153858154121e-16
2.261680022228411656e-16
2.251553067523815822e-16
2.241426112819219988e-16
2.231299158114623662e-16
2.221172203410027828e-16
2.211045248705431995e-16
2.200918294000836161e-16
2.190791339296240081e-16
2.180664384591644247e-16
2.170537429887048167e-16
2.160410475182452334e-16
2.152580661655852264e-16
2.144750848129252195e-16
2.136921034602652126e-16
2.129091221076052056e-16
2.121261407549451741e-16
2.113431594022851671e-16
2.105601780496251602e-16
2.097771966969651533e-16
2.089942153443051463e-16
2.082112339916451394e-16
2.078726697650362026e-16
2.075341055384272905e-16
2.071955413118183537e-16
2.068569770852094415e-16
2.065184128586005047e-16
2.061798486319915679e-16
2.058412844053826558e-16
2.055027201787737190e-16
2.051641559521648069e-16
2.048255917255558701e-16
2.041055745531864079e-16
2.033855573808169457e-16
2.026655402084474835e-16
2.019455230360780213e-16
2.012255058637085591e-16
2.005054886913391216e-16
1.997854715189696594e-16
1.990654543466001972e-16
1.983454371742307351e-16
1.976254200018612729e-16
1.968631214559585051e-16
1.961008229100557621e-16
1.953385243641529943e-16
1.945762258182502512e-16
1.938139272723474835e-16
1.930516287264447158e-16
1.922893301805419727e-16
1.915270316346392050e-16
1.907647330887364619e-16
1.900024345428336941e-16
1.892311053331873531e-16
1.884597761235410121e-16
1.876884469138946957e-16
1.869171177042483547e-16
1.861457884946020136e-16
1.853744592849556726e-16
1.846031300753093316e-16
1.838318008656630152e-16
1.830604716560166742e-16
1.822891424463703331e-16
1.826437661989834857e-16
1.829983899515966383e-16
1.833530137042098155e-16
1.837076374568229681e-16
1.840622612094361207e-16
1.844168849620492733e-16
1.847715087146624258e-16
1.851261324672756031e-16
1.854807562198887556e-16
1.858353799725019082e-16
1.857965272825891612e-16
1.857576745926764142e-16
1.857188219027636426e-16
1.856799692128508956e-16
1.856411165229381486e-16
1.856022638330254016e-16
1.855634111431126546e-16
1.855245584531998830e-16
1.854857057632871360e-16
1.854468530733743890e-16
1.849364762241928562e-16
1.844260993750112988e-16
1.839157225258297414e-16
1.834053456766482087e-16
1.828949688274666759e-16
1.823845919782851185e-16
1.818742151291035611e-16
1.813638382799220284e-16
1.808534614307404956e-16
1.803430845815589382e-16
1.807460122033704828e-16
1.811489398251820520e-16
1.815518674469935966e-16
1.819547950688051658e-16
1.823577226906167104e-16
1.827606503124282550e-16
1.831635779342398242e-16
1.835665055560513688e-16
1.839694331778629380e-16
1.843723607996744826e-16
1.837458001632866588e-16
1.831192395268988350e-16
1.824926788905110358e-16
1.818661182541232120e-16
1.812395576177353882e-16
1.806129969813475644e-16
1.799864363449597406e-16
1.793598757085719414e-16
1.787333150721841176e-16
1.781067544357962938e-16
1.770527832817017258e-16
1.759988121276071332e-16
1.749448409735125652e-16
1.738908698194179726e-16
1.728368986653234046e-16
1.717829275112288367e-16
1.707289563571342440e-16
1.696749852030396761e-16
1.686210140489450834e-16
1.675670428948505155e-16
1.676771407892143074e-16
1.677872386835780993e-16
1.678973365779418912e-16
1.680074344723056831e-16
1.681175323666694503e-16
1.682276302610332422e-16
1.683377281553970341e-16
1.684478260497608260e-16
1.685579239441246179e-16
1.686680218384884098e-16
1.687626274074851050e-16
1.688572329764818247e-16
1.689518385454785199e-16
1.690464441144752397e-16
1.691410496834719348e-16
1.692356552524686299e-16
1.693302608214653497e-16
1.694248663904620448e-16
1.695194719594587646e-16
1.696140775284554597e-16
1.689295292905763048e-16
1.682449810526971745e-16
1.675604328148180443e-16
1.668758845769388893e-16
1.661913363390597344e-16
1.655067881011806041e-16
1.648222398633014739e-16
1.641376916254223190e-16
1.634531433875431640e-16
1.627685951496640338e-16
1.643693746199409027e-16
1.659701540902177963e-16
1.675709335604946652e-16
1.691717130307715341e-16
1.707724925010484030e-16
1.723732719713252966e-16
1.739740514416021655e-16
1.755748309118790345e-16
1.771756103821559280e-16
1.787763898524327970e-16
1.821566943788129733e-16
1.855369989051931743e-16
1.889173034315733507e-16
1.922976079579535517e-16
1.956779124843337280e-16
1.990582170107139043e-16
2.024385215370941053e-16
2.058188260634742817e-16
2.091991305898544827e-16
2.125794351162346590e-16
2.090903088738880958e-16
2.056011826315415079e-16
2.021120563891949446e-16
1.986229301468483567e-16
1.951338039045017935e-16
1.916446776621552302e-16
1.881555514198086424e-16
1.846664251774620791e-16
1.811772989351154912e-16
1.776881726927689280e-16
1.760029461433642109e-16
1.743177195939594938e-16
1.726324930445548014e-16
1.709472664951500843e-16
1.692620399457453672e-16
1.675768133963406501e-16
1.658915868469359330e-16
1.642063602975312406e-16
1.625211337481265235e-16
1.608359071987218064e-16
1.607797021018242091e-16
1.607234970049266119e-16
1.606672919080290146e-16
1.606110868111314173e-16
1.605548817142338200e-16
1.604986766173362473e-16
1.604424715204386501e-16
1.603862664235410528e-16
1.603300613266434555e-16
1.602738562297458582e-16
1.604921803263932433e-16
1.607105044230406285e-16
1.609288285196880136e-16
1.611471526163353988e-16
1.613654767129827839e-16
1.615838008096301444e-16
1.618021249062775296e-16
1.620204490029249147e-16
1.622387730995722999e-16
1.624570971962196850e-16
1.632209135054932782e-16
1.639847298147668959e-16
1.647485461240404891e-16
1.655123624333141069e-16
1.662761787425877000e-16
1.670399950518612932e-16
1.678038113611349110e-16
1.685676276704085041e-16
1.693314439796821219e-16
1.700952602889557150e-16
1.705048961625349147e-16
1.709145320361141143e-16
1.713241679096933386e-16
1.717338037832725382e-16
1.721434396568517378e-16
1.725530755304309374e-16
1.729627114040101371e-16
1.733723472775893613e-16
1.737819831511685610e-16
1.741916190247477606e-16
1.746130713150382099e-16
1.750345236053286345e-16
1.754559758956190591e-16
1.758774281859095084e-16
1.762988804761999576e-16
1.767203327664903823e-16
1.771417850567808069e-16
1.775632373470712562e-16
1.779846896373617054e-16
1.784061419276521301e-16
1.780698360417828336e-16
1.777335301559135619e-16
1.773972242700442655e-16
1.770609183841749937e-16
1.767246124983056973e-16
1.763883066124364009e-16
1.760520007265671292e-16
1.757156948406978328e-16
1.753793889548285610e-16
1.750430830689592646e-16
1.752782796129874525e-16
1.755134761570156649e-16
1.757486727010438528e-16
1.759838692450720653e-16
1.762190657891002531e-16
1.764542623331284410e-16
1.766894588771566535e-16
1.769246554211848413e-16
1.771598519652130538e-16
1.773950485092412416e-16
1.785385927858098232e-16
1.796821370623784294e-16
1.808256813389470355e-16
1.819692256155156171e-16
1.831127698920841986e-16
1.842563141686528048e-16
1.853998584452214110e-16
1.865434027217899925e-16
1.876869469983585741e-16
1.888304912749271802e-16
1.889827623907759824e-16
1.891350335066248091e-16
1.892873046224736112e-16
1.894395757383224380e-16
1.895918468541712401e-16
1.897441179700200422e-16
1.898963890858688690e-16
1.900486602017176711e-16
1.902009313175664978e-16
1.903532024334153000e-16
1.904227604206817881e-16
1.904923184079482763e-16
1.905618763952147644e-16
1.906314343824812526e-16
1.907009923697477161e-16
1.907705503570142042e-16
1.908401083442806924e-16
1.909096663315471806e-16
1.909792243188136687e-16
1.910487823060801569e-16
1.917079408473370335e-16
1.923670993885938854e-16
1.930262579298507621e-16
1.936854164711076387e-16
1.943445750123644906e-16
1.950037335536213672e-16
1.956628920948782438e-16
1.963220506361351205e-16
1.969812091773919724e-16
1.976403677186488490e-16
1.974074708703605403e-16
1.971745740220722315e-16
1.969416771737839227e-16
1.967087803254956139e-16
1.964758834772073052e-16
1.962429866289189717e-16
1.960100897806306630e-16
1.957771929323423542e-16
1.955442960840540454e-16
1.953113992357657366e-16
1.941669486254099363e-16
1.930224980150541360e-16
1.918780474046983111e-16
1.907335967943425108e-16
1.895891461839867104e-16
1.884446955736309101e-16
1.873002449632751098e-16
1.861557943529192849e-16
1.850113437425634846e-16
1.838668931322076843e-16
1.832599886970968883e-16
1.826530842619860923e-16
1.820461798268752964e-16
1.814392753917645004e-16
1.808323709566537045e-16
1.802254665215429085e-16
1.796185620864321125e-16
1.790116576513213166e-16
1.784047532162105206e-16
1.777978487810997247e-16
1.771074119409159897e-16
1.764169751007322300e-16
1.757265382605484704e-16
1.750361014203647354e-16
1.743456645801810004e-16
1.736552277399972408e-16
1.729647908998134812e-16
1.722743540596297462e-16
1.715839172194460112e-16
1.708934803792622516e-16
1.702445194142359261e-16
1.695955584492096006e-16
1.689465974841832504e-16
1.682976365191569249e-16
1.676486755541305994e-16
1.669997145891042740e-16
1.663507536240779485e-16
1.657017926590515983e-16
1.650528316940252728e-16
1.644038707289989473e-16
1.653260779008600463e-16
1.662482850727211206e-16
1.671704922445822195e-16
1.680926994164432939e-16
1.690149065883043928e-16
1.699371137601654918e-16
1.708593209320265661e-16
1.717815281038876650e-16
1.727037352757487393e-16
1.736259424476098383e-16
1.728755662564164668e-16
1.721251900652230953e-16
1.713748138740296992e-16
1.706244376828363277e-16
1.698740614916429562e-16
1.691236853004495847e-16
1.683733091092562132e-16
1.676229329180628170e-16
1.668725567268694455e-16
1.661221805356760740e-16
1.654499763660953388e-16
1.647777721965146283e-16
1.641055680269338930e-16
1.634333638573531825e-16
1.627611596877724473e-16
1.620889555181917120e-16
1.614167513486110015e-16
1.607445471790302663e-16
1.600723430094495557e-16
1.594001388398688205e-16
1.595919145198723295e-16
1.597836901998758631e-16
1.599754658798793967e-16
1.601672415598829057e-16
1.603590172398864147e-16
1.605507929198899483e-16
1.607425685998934819e-16
1.609343442798969909e-16
1.611261199599004999e-16
1.613178956399040335e-16
1.615130549918427618e-16
1.617082143437814902e-16
1.619033736957202185e-16
1.620985330476589468e-16
1.622936923995976752e-16
1.624888517515364035e-16
1.626840111034751319e-16
1.628791704554138602e-16
1.630743298073525886e-16
1.632694891592913169e-16
1.629314050030126207e-16
1.625933208467338999e-16
1.622552366904552037e-16
1.619171525341765075e-16
1.615790683778977866e-16
1.612409842216190904e-16
1.609029000653403942e-16
1.605648159090616980e-16
1.602267317527829772e-16
1.598886475965042810e-16
1.601982161135928550e-16
1.605077846306814290e-16
1.608173531477700030e-16
1.611269216648585770e-16
1.614364901819471264e-16
1.617460586990357004e-16
1.620556272161242745e-16
1.623651957332128485e-16
1.626747642503014225e-16
1.629843327673899965e-16
1.638263508165313681e-16
1.646683688656727398e-16
1.655103869148140867e-16
1.663524049639554584e-16
1.671944230130968300e-16
1.680364410622382016e-16
1.688784591113795732e-16
1.697204771605209202e-16
1.705624952096622918e-16
1.714045132588036635e-16
1.723504649342722033e-16
1.732964166097407184e-16
1.742423682852092582e-16
1.751883199606777980e-16
1.761342716361463132e-16
1.770802233116148530e-16
1.780261749870833928e-16
1.789721266625519326e-16
1.799180783380204478e-16
1.808640300134889876e-16
1.794166549023163405e-16
1.779692797911436935e-16
1.765219046799710712e-16
1.750745295687984241e-16
1.736271544576257771e-16
1.721797793464531301e-16
1.707324042352804831e-16
1.692850291241078607e-16
1.678376540129352137e-16
1.663902789017625667e-16
1.658980876835202490e-16
1.654058964652779066e-16
1.649137052470355643e-16
1.644215140287932465e-16
1.639293228105509288e-16
1.634371315923085865e-16
1.629449403740662441e-16
1.624527491558239264e-16
1.619605579375816087e-16
1.614683667193392663e-16
1.614743198654135257e-16
1.614802730114877851e-16
1.614862261575620445e-16
1.614921793036363039e-16
1.614981324497105633e-16
1.615040855957847980e-16
1.615100387418590574e-16
1.615159918879333168e-16
1.615219450340075762e-16
1.615278981800818356e-16
1.609791907384303367e-16
1.604304832967788132e-16
1.598817758551273143e-16
1.593330684134758153e-16
1.587843609718243164e-16
1.582356535301727929e-16
1.576869460885212940e-16
1.571382386468697951e-16
1.565895312052182715e-16
1.560408237635667726e-16
1.562035507916232060e-16
1.563662778196796148e-16
1.565290048477360236e-16
1.566917318757924570e-16
1.568544589038488904e-16
1.570171859319052992e-16
1.571799129599617079e-16
1.573426399880181414e-16
1.575053670160745748e-16
1.576680940441309835e-16
1.580109951473729937e-16
1.583538962506149792e-16
1.586967973538569894e-16
1.590396984570989749e-16
1.593825995603409851e-16
1.597255006635829953e-16
1.600684017668249808e-16
1.604113028700669909e-16
1.607542039733089765e-16
1.610971050765509866e-16
1.609285521494943069e-16
1.607599992224376272e-16
1.605914462953809722e-16
1.604228933683242924e-16
1.602543404412676127e-16
1.600857875142109330e-16
1.599172345871542533e-16
1.597486816600975983e-16
1.595801287330409186e-16
1.594115758059842388e-16
1.602573188514385928e-16
1.611030618968929221e-16
1.619488049423472761e-16
1.627945479878016300e-16
1.636402910332559593e-16
1.644860340787103133e-16
1.653317771241646673e-16
1.661775201696190212e-16
1.670232632150733505e-16
1.678690062605277045e-16
1.673260966264034398e-16
1.667831869922791752e-16
1.662402773581549105e-16
1.656973677240306459e-16
1.651544580899064059e-16
1.646115484557821412e-16
1.640686388216578766e-16
1.635257291875336119e-16
1.629828195534093473e-16
1.624399099192850826e-16
1.629272914777355265e-16
1.634146730361859703e-16
1.639020545946364141e-16
1.643894361530868580e-16
1.648768177115373018e-16
1.653641992699877703e-16
1.658515808284382141e-16
1.663389623868886580e-16
1.668263439453391018e-16
1.673137255037895456e-16
1.676792579412024158e-16
1.680447903786153105e-16
1.684103228160281806e-16
1.687758552534410508e-16
1.691413876908539209e-16
1.695069201282668157e-16
1.698724525656796858e-16
1.702379850030925559e-16
1.706035174405054507e-16
1.709690498779183208e-16
1.708810665102539722e-16
1.707930831425896236e-16
1.707050997749252750e-16
1.706171164072609263e-16
1.705291330395965777e-16
1.704411496719322291e-16
1.703531663042678805e-16
1.702651829366035319e-16
1.701771995689391833e-16
1.700892162012748347e-16
1.619417598142197348e-16
1.537943034271646349e-16
1.456468470401095349e-16
1.374993906530544350e-16
1.293519342659993597e-16
1.212044778789442352e-16
1.130570214918891599e-16
1.049095651048340476e-16
9.676210871777894770e-17
8.861465233072386010e-17
