7.704700361948947060e-17
1.070453042425860771e-16
1.370436048656826712e-16
1.670419054887793023e-16
1.970402061118758842e-16
2.270385067349725153e-16
2.570368073580690971e-16
2.870351079811657282e-16
3.170334086042623101e-16
3.470317092273588919e-16
3.770300098504555230e-16
3.751200159848011516e-16
3.732100221191467310e-16
3.713000282534923596e-16
3.693900343878379883e-16
3.674800405221836169e-16
3.655700466565291963e-16
3.636600527908748249e-16
3.617500589252204535e-16
3.598400650595660329e-16
3.579300711939116615e-16
3.525560460486294249e-16
3.471820209033472375e-16
3.418079957580650502e-16
3.364339706127828135e-16
3.310599454675005769e-16
3.256859203222183895e-16
3.203118951769362022e-16
3.149378700316539655e-16
3.095638448863717289e-16
3.041898197410895415e-16
3.015078433893346048e-16
2.988258670375797173e-16
2.961438906858247806e-16
2.934619143340698931e-16
2.907799379823149563e-16
2.880979616305600196e-16
2.854159852788051321e-16
2.827340089270501953e-16
2.800520325752953079e-16
2.773700562235403711e-16
2.760076852811312369e-16
2.746453143387221028e-16
2.732829433963129686e-16
2.719205724539038344e-16
2.705582015114947002e-16
2.691958305690855660e-16
2.678334596266764318e-16
2.664710886842672976e-16
2.651087177418581635e-16
2.637463467994490293e-16
2.624110370139849349e-16
2.610757272285208405e-16
2.597404174430566968e-16
2.584051076575926024e-16
2.570697978721285080e-16
2.557344880866644136e-16
2.543991783012003192e-16
2.530638685157361754e-16
2.517285587302720810e-16
2.503932489448079866e-16
2.492938891855836931e-16
2.481945294263593502e-16
2.470951696671350566e-16
2.459958099079107138e-16
2.448964501486864202e-16
2.437970903894621266e-16
2.426977306302377837e-16
2.415983708710134902e-16
2.404990111117891473e-16
2.393996513525648537e-16
2.383752670107784968e-16
2.373508826689921400e-16
2.363264983272057338e-16
2.353021139854193769e-16
2.342777296436330200e-16
2.332533453018466631e-16
2.322289609600603062e-16
2.312045766182739000e-16
2.301801922764875432e-16
2.291558079347011863e-16
2.287891316901339718e-16
2.284224554455668066e-16
2.280557792009995921e-16
2.276891029564323776e-16
2.273224267118652124e-16
2.269557504672979979e-16
2.265890742227307834e-16
2.262223979781635689e-16
2.258557217335964037e-16
2.254890454890291892e-16
2.250726130319076090e-16
2.246561805747859796e-16
2.242397481176643994e-16
2.238233156605427699e-16
2.234068832034211898e-16
2.229904507462996096e-16
2.225740182891779801e-16
2.221575858320564000e-16
2.217411533749347951e-16
2.213247209178131903e-16
2.209456038020336831e-16
2.205664866862542005e-16
2.201873695704746932e-16
2.198082524546951860e-16
2.194291353389157034e-16
2.190500182231361962e-16
2.186709011073566889e-16
2.182917839915771817e-16
2.179126668757976991e-16
2.175335497600181918e-16
2.168087220314647182e-16
2.160838943029112445e-16
2.153590665743577955e-16
2.146342388458043219e-16
2.139094111172508482e-16
2.131845833886973746e-16
2.124597556601439009e-16
2.117349279315904520e-16
2.110101002030369783e-16
2.102852724744835047e-16
2.098612306001254137e-16
2.094371887257673473e-16
2.090131468514092563e-16
2.085891049770511899e-16
2.081650631026930989e-16
2.077410212283350079e-16
2.073169793539769416e-16
2.068929374796188506e-16
2.064688956052607842e-16
2.060448537309026932e-16
2.063374082117520587e-16
2.066299626926014489e-16
2.069225171734508391e-16
2.072150716543002046e-16
2.075076261351495701e-16
2.078001806159989603e-16
2.080927350968483505e-16
2.083852895776977160e-16
2.086778440585470815e-16
2.089703985393964717e-16
2.090759555364134357e-16
2.091815125334303996e-16
2.092870695304473635e-16
2.093926265274643274e-16
2.094981835244813160e-16
2.096037405214982800e-16
2.097092975185152439e-16
2.098148545155322078e-16
2.099204115125491718e-16
2.100259685095661357e-16
2.090330219834325699e-16
2.080400754572990040e-16
2.070471289311654135e-16
2.060541824050318477e-16
2.050612358788982819e-16
2.040682893527647160e-16
2.030753428266311502e-16
2.020823963004975597e-16
2.010894497743639939e-16
2.000965032482304281e-16
2.002280644673937853e-16
2.003596256865571426e-16
2.004911869057204999e-16
2.006227481248838572e-16
2.007543093440472391e-16
2.008858705632105964e-16
2.010174317823739537e-16
2.011489930015373110e-16
2.012805542207006683e-16
2.014121154398640256e-16
2.012900416177958268e-16
2.011679677957276280e-16
2.010458939736594293e-16
2.009238201515912305e-16
2.008017463295230317e-16
2.006796725074548329e-16
2.005575986853866342e-16
2.004355248633184354e-16
2.003134510412502366e-16
2.001913772191820379e-16
2.004365567285162831e-16
2.006817362378505530e-16
2.009269157471847982e-16
2.011720952565190681e-16
2.014172747658533133e-16
2.016624542751875586e-16
2.019076337845218285e-16
2.021528132938560737e-16
2.023979928031903436e-16
2.026431723125245888e-16
2.021161633477799099e-16
2.015891543830352310e-16
2.010621454182905521e-16
2.005351364535458732e-16
2.000081274888011943e-16
1.994811185240565154e-16
1.989541095593118365e-16
1.984271005945671576e-16
1.979000916298224787e-16
1.973730826650777998e-16
1.968811593905078908e-16
1.963892361159379571e-16
1.958973128413680481e-16
1.954053895667981145e-16
1.949134662922282055e-16
1.944215430176582965e-16
1.939296197430883628e-16
1.934376964685184538e-16
1.929457731939485201e-16
1.924538499193786111e-16
1.926669030543479148e-16
1.928799561893172184e-16
1.930930093242865221e-16
1.933060624592558257e-16
1.935191155942251541e-16
1.937321687291944577e-16
1.939452218641637614e-16
1.941582749991330650e-16
1.943713281341023687e-16
1.945843812690716723e-16
1.942653010217819310e-16
1.939462207744921896e-16
1.936271405272024483e-16
1.933080602799127069e-16
1.929889800326229655e-16
1.926698997853332242e-16
1.923508195380434828e-16
1.920317392907537415e-16
1.917126590434640001e-16
1.913935787961742588e-16
1.914940571367078010e-16
1.915945354772413432e-16
1.916950138177748855e-16
1.917954921583084277e-16
1.918959704988419699e-16
1.919964488393754875e-16
1.920969271799090298e-16
1.921974055204425720e-16
1.922978838609761142e-16
1.923983622015096565e-16
1.919892410858666451e-16
1.915801199702236090e-16
1.911709988545805976e-16
1.907618777389375862e-16
1.903527566232945748e-16
1.899436355076515388e-16
1.895345143920085274e-16
1.891253932763655160e-16
1.887162721607224800e-16
1.883071510450794686e-16
1.887865717870809423e-16
1.892659925290823913e-16
1.897454132710838650e-16
1.902248340130853387e-16
1.907042547550867878e-16
1.911836754970882615e-16
1.916630962390897352e-16
1.921425169810912089e-16
1.926219377230926579e-16
1.931013584650941316e-16
1.928999921371587084e-16
1.926986258092232852e-16
1.924972594812878619e-16
1.922958931533524387e-16
1.920945268254170154e-16
1.918931604974815922e-16
1.916917941695461689e-16
1.914904278416107457e-16
1.912890615136753225e-16
1.910876951857398992e-16
1.909766339401072580e-16
1.908655726944746414e-16
1.907545114488420248e-16
1.906434502032093835e-16
1.905323889575767423e-16
1.904213277119441257e-16
1.903102664663115091e-16
1.901992052206788678e-16
1.900881439750462266e-16
1.899770827294136100e-16
1.897804671713846702e-16
1.895838516133557305e-16
1.893872360553268154e-16
1.891906204972978756e-16
1.889940049392689359e-16
1.887973893812399961e-16
1.886007738232110564e-16
1.884041582651821413e-16
1.882075427071532015e-16
1.880109271491242617e-16
1.869081176545676385e-16
1.858053081600110152e-16
1.847024986654544166e-16
1.835996891708977934e-16
1.824968796763411701e-16
1.813940701817845469e-16
1.802912606872279236e-16
1.791884511926713250e-16
1.780856416981147018e-16
1.769828322035580785e-16
1.772189194022839334e-16
1.774550066010098130e-16
1.776910937997356679e-16
1.779271809984615475e-16
1.781632681971874024e-16
1.783993553959132819e-16
1.786354425946391368e-16
1.788715297933650164e-16
1.791076169920908713e-16
1.793437041908167509e-16
1.797685811138694975e-16
1.801934580369222441e-16
1.806183349599749908e-16
1.810432118830277374e-16
1.814680888060804840e-16
1.818929657291332060e-16
1.823178426521859526e-16
1.827427195752386992e-16
1.831675964982914459e-16
1.835924734213441925e-16
1.831159829007099719e-16
1.826394923800757267e-16
1.821630018594415061e-16
1.816865113388072609e-16
1.812100208181730403e-16
1.807335302975387950e-16
1.802570397769045745e-16
1.797805492562703292e-16
1.793040587356361086e-16
1.788275682150018634e-16
1.796058890318442483e-16
1.803842098486866085e-16
1.811625306655289934e-16
1.819408514823713783e-16
1.827191722992137385e-16
1.834974931160561234e-16
1.842758139328985083e-16
1.850541347497408932e-16
1.858324555665832534e-16
1.866107763834256383e-16
1.863730528790846939e-16
1.861353293747437249e-16
1.858976058704027805e-16
1.856598823660618114e-16
1.854221588617208671e-16
1.851844353573798980e-16
1.849467118530389536e-16
1.847089883486979846e-16
1.844712648443570402e-16
1.842335413400160712e-16
1.837711356074597704e-16
1.833087298749034943e-16
1.828463241423471936e-16
1.823839184097909175e-16
1.819215126772346168e-16
1.814591069446783160e-16
1.809967012121220399e-16
1.805342954795657392e-16
1.800718897470094631e-16
1.796094840144531624e-16
1.796319476772528216e-16
1.796544113400524807e-16
1.796768750028521646e-16
1.796993386656518237e-16
1.797218023284514829e-16
1.797442659912511421e-16
1.797667296540508012e-16
1.797891933168504851e-16
1.798116569796501442e-16
1.798341206424498034e-16
1.798524185275982565e-16
1.798707164127467096e-16
1.798890142978951627e-16
1.799073121830436157e-16
1.799256100681920688e-16
1.799439079533405219e-16
1.799622058384889750e-16
1.799805037236374281e-16
1.799988016087858811e-16
1.800170994939343342e-16
1.803388864450799930e-16
1.806606733962256271e-16
1.809824603473712858e-16
1.813042472985169199e-16
1.816260342496625787e-16
1.819478212008082374e-16
1.822696081519538715e-16
1.825913951030995303e-16
1.829131820542451644e-16
1.832349690053908231e-16
1.827524979023171442e-16
1.822700267992434900e-16
1.817875556961698111e-16
1.813050845930961322e-16
1.808226134900224779e-16
1.803401423869487990e-16
1.798576712838751201e-16
1.793752001808014412e-16
1.788927290777277869e-16
1.784102579746541080e-16
1.781127066781297079e-16
1.778151553816052830e-16
1.775176040850808582e-16
1.772200527885564580e-16
1.769225014920320579e-16
1.766249501955076330e-16
1.763273988989832082e-16
1.760298476024588080e-16
1.757322963059344079e-16
1.754347450094099830e-16
1.757755940969313361e-16
1.761164431844526892e-16
1.764572922719740422e-16
1.767981413594953953e-16
1.771389904470167483e-16
1.774798395345381014e-16
1.778206886220594544e-16
1.781615377095808075e-16
1.785023867971021606e-16
1.788432358846235136e-16
1.792938428453791544e-16
1.797444498061347952e-16
1.801950567668904606e-16
1.806456637276461014e-16
1.810962706884017422e-16
1.815468776491573830e-16
1.819974846099130238e-16
1.824480915706686892e-16
1.828986985314243300e-16
1.833493054921799708e-16
1.831765873278127158e-16
1.830038691634454608e-16
1.828311509990782305e-16
1.826584328347109755e-16
1.824857146703437205e-16
1.823129965059764656e-16
1.821402783416092106e-16
1.819675601772419803e-16
1.817948420128747253e-16
1.816221238485074703e-16
1.814761084930622130e-16
1.813300931376169556e-16
1.811840777821716983e-16
1.810380624267264409e-16
1.808920470712812082e-16
1.807460317158359509e-16
1.806000163603906935e-16
1.804540010049454362e-16
1.803079856495001788e-16
1.801619702940549214e-16
1.798457689847451619e-16
1.795295676754354023e-16
1.792133663661256674e-16
1.788971650568159078e-16
1.785809637475061482e-16
1.782647624381963886e-16
1.779485611288866290e-16
1.776323598195768941e-16
1.773161585102671345e-16
1.769999572009573750e-16
1.767843169701541990e-16
1.765686767393510476e-16
1.763530365085478716e-16
1.761373962777447202e-16
1.759217560469415442e-16
1.757061158161383682e-16
1.754904755853352168e-16
1.752748353545320408e-16
1.750591951237288894e-16
1.748435548929257134e-16
1.748495101508710146e-16
1.748554654088162912e-16
1.748614206667615924e-16
1.748673759247068689e-16
1.748733311826521701e-16
1.748792864405974713e-16
1.748852416985427479e-16
1.748911969564880491e-16
1.748971522144333256e-16
1.749031074723786268e-16
1.749681410746523191e-16
1.750331746769260361e-16
1.750982082791997284e-16
1.751632418814734207e-16
1.752282754837471130e-16
1.752933090860208300e-16
1.753583426882945223e-16
1.754233762905682146e-16
1.754884098928419316e-16
1.755534434951156239e-16
1.755806757366441924e-16
1.756079079781727856e-16
1.756351402197013787e-16
1.756623724612299472e-16
1.756896047027585158e-16
1.757168369442871089e-16
1.757440691858157021e-16
1.757713014273442706e-16
1.757985336688728392e-16
1.758257659104014323e-16
1.759424955352109146e-16
1.760592251600204216e-16
1.761759547848299285e-16
1.762926844096394108e-16
1.764094140344488931e-16
1.765261436592584001e-16
1.766428732840679070e-16
1.767596029088773893e-16
1.768763325336868716e-16
1.769930621584963785e-16
1.769582592914210626e-16
1.769234564243457467e-16
1.768886535572704308e-16
1.768538506901951149e-16
1.768190478231197990e-16
1.767842449560444584e-16
1.767494420889691425e-16
1.767146392218938266e-16
1.766798363548185107e-16
1.766450334877431948e-16
1.776781966939033360e-16
1.787113599000635020e-16
1.797445231062236432e-16
1.807776863123838091e-16
1.818108495185439504e-16
1.828440127247040917e-16
1.838771759308642576e-16
1.849103391370243989e-16
1.859435023431845648e-16
1.869766655493447061e-16
1.862334599724610030e-16
1.854902543955773245e-16
1.847470488186936460e-16
1.840038432418099429e-16
1.832606376649262398e-16
1.825174320880425613e-16
1.817742265111588829e-16
1.810310209342751798e-16
1.802878153573914766e-16
1.795446097805077982e-16
1.788346518508688825e-16
1.781246939212299422e-16
1.774147359915910265e-16
1.767047780619521109e-16
1.759948201323131705e-16
1.752848622026742549e-16
1.745749042730353392e-16
1.738649463433964236e-16
1.731549884137574832e-16
1.724450304841185676e-16
1.724035064320713509e-16
1.723619823800241342e-16
1.723204583279769174e-16
1.722789342759297007e-16
1.722374102238824840e-16
1.721958861718352673e-16
1.721543621197880506e-16
1.721128380677408339e-16
1.720713140156936172e-16
1.720297899636464005e-16
1.724447400137311911e-16
1.728596900638159818e-16
1.732746401139007725e-16
1.736895901639855632e-16
1.741045402140703538e-16
1.745194902641551199e-16
1.749344403142399105e-16
1.753493903643247012e-16
1.757643404144094919e-16
1.761792904644942826e-16
1.761659314733026138e-16
1.761525724821109204e-16
1.761392134909192517e-16
1.761258544997275830e-16
1.761124955085358896e-16
1.760991365173442209e-16
1.760857775261525521e-16
1.760724185349608834e-16
1.760590595437691900e-16
1.760457005525775213e-16
1.761185685060375683e-16
1.761914364594976399e-16
1.762643044129576869e-16
1.763371723664177339e-16
1.764100403198778055e-16
1.764829082733378525e-16
1.765557762267978995e-16
1.766286441802579465e-16
1.767015121337180181e-16
1.767743800871780651e-16
1.769518341948533186e-16
1.771292883025285722e-16
1.773067424102038257e-16
1.774841965178790793e-16
1.776616506255543328e-16
1.778391047332295863e-16
1.780165588409048399e-16
1.781940129485800934e-16
1.783714670562553470e-16
1.785489211639306005e-16
1.782015504831579118e-16
1.778541798023852477e-16
1.775068091216125837e-16
1.771594384408398950e-16
1.768120677600672063e-16
1.764646970792945422e-16
1.761173263985218782e-16
1.757699557177491895e-16
1.754225850369765008e-16
1.750752143562038367e-16
1.751659638591979293e-16
1.752567133621920220e-16
1.753474628651860899e-16
1.754382123681801825e-16
1.755289618711742751e-16
1.756197113741683678e-16
1.757104608771624604e-16
1.758012103801565283e-16
1.758919598831506209e-16
1.759827093861447135e-16
1.755511141061823931e-16
1.751195188262200973e-16
1.746879235462577768e-16
1.742563282662954810e-16
1.738247329863331605e-16
1.733931377063708647e-16
1.729615424264085442e-16
1.725299471464462484e-16
1.720983518664839279e-16
1.716667565865216321e-16
1.717548891575348745e-16
1.718430217285481169e-16
1.719311542995613346e-16
1.720192868705745770e-16
1.721074194415878194e-16
1.721955520126010617e-16
1.722836845836143041e-16
1.723718171546275218e-16
1.724599497256407642e-16
1.725480822966540066e-16
1.726187139368532104e-16
1.726893455770524141e-16
1.727599772172516179e-16
1.728306088574508217e-16
1.729012404976500255e-16
1.729718721378492046e-16
1.730425037780484084e-16
1.731131354182476121e-16
1.731837670584468159e-16
1.732543986986460197e-16
1.736169384547661517e-16
1.739794782108863084e-16
1.743420179670064650e-16
1.747045577231265970e-16
1.750670974792467290e-16
1.754296372353668857e-16
1.757921769914870424e-16
1.761547167476071744e-16
1.765172565037273064e-16
1.768797962598474631e-16
1.773426265833087049e-16
1.778054569067699220e-16
1.782682872302311639e-16
1.787311175536924057e-16
1.791939478771536475e-16
1.796567782006148646e-16
1.801196085240761065e-16
1.805824388475373483e-16
1.810452691709985654e-16
1.815080994944598072e-16
1.817005077358512240e-16
1.818929159772426161e-16
1.820853242186340329e-16
1.822777324600254496e-16
1.824701407014168664e-16
1.826625489428082585e-16
1.828549571841996752e-16
1.830473654255910920e-16
1.832397736669824841e-16
1.834321819083739008e-16
1.834017886948870519e-16
1.833713954814002276e-16
1.833410022679133787e-16
1.833106090544265545e-16
1.832802158409397055e-16
1.832498226274528566e-16
1.832194294139660323e-16
1.831890362004791834e-16
1.831586429869923592e-16
1.831282497735055102e-16
1.834274537499599353e-16
1.837266577264143851e-16
1.840258617028688102e-16
1.843250656793232353e-16
1.846242696557776851e-16
1.849234736322321102e-16
1.852226776086865353e-16
1.855218815851409604e-16
1.858210855615954101e-16
1.861202895380498352e-16
1.864711985558496038e-16
1.868221075736493476e-16
1.871730165914491161e-16
1.875239256092488600e-16
1.878748346270486285e-16
1.882257436448483971e-16
1.885766526626481409e-16
1.889275616804479094e-16
1.892784706982476533e-16
1.896293797160474218e-16
1.893232507141566841e-16
1.890171217122659463e-16
1.887109927103751839e-16
1.884048637084844461e-16
1.880987347065937084e-16
1.877926057047029706e-16
1.874864767028122328e-16
1.871803477009214704e-16
1.868742186990307326e-16
1.865680896971399949e-16
1.859051071865793657e-16
1.852421246760187612e-16
1.845791421654581320e-16
1.839161596548975275e-16
1.832531771443368984e-16
1.825901946337762692e-16
1.819272121232156647e-16
1.812642296126550355e-16
1.806012471020944310e-16
1.799382645915338018e-16
1.786925149846356928e-16
1.774467653777376084e-16
1.762010157708394994e-16
1.749552661639413903e-16
1.737095165570433059e-16
1.724637669501451969e-16
1.712180173432470879e-16
1.699722677363489788e-16
1.687265181294508944e-16
1.674807685225527854e-16
1.672236821323665718e-16
1.669665957421803335e-16
1.667095093519940952e-16
1.664524229618078815e-16
1.661953365716216679e-16
1.659382501814354296e-16
1.656811637912491913e-16
1.654240774010629777e-16
1.651669910108767641e-16
1.649099046206905258e-16
1.651857916487905574e-16
1.654616786768905891e-16
1.657375657049905960e-16
1.660134527330906277e-16
1.662893397611906593e-16
1.665652267892906910e-16
1.668411138173907226e-16
1.671170008454907296e-16
1.673928878735907612e-16
1.676687749016907929e-16
1.674264656626369348e-16
1.671841564235830767e-16
1.669418471845292186e-16
1.666995379454753605e-16
1.664572287064215024e-16
1.662149194673676443e-16
1.659726102283137862e-16
1.657303009892599280e-16
1.654879917502060699e-16
1.652456825111522118e-16
1.659849286982055744e-16
1.667241748852589370e-16
1.674634210723122995e-16
1.682026672593656621e-16
1.689419134464190000e-16
1.696811596334723626e-16
1.704204058205257251e-16
1.711596520075790877e-16
1.718988981946324503e-16
1.726381443816858128e-16
1.732211980362311722e-16
1.738042516907765562e-16
1.743873053453219402e-16
1.749703589998672995e-16
1.755534126544126835e-16
1.761364663089580429e-16
1.767195199635034269e-16
1.773025736180487863e-16
1.778856272725941703e-16
1.784686809271395296e-16
1.782738547340402364e-16
1.780790285409409431e-16
1.778842023478416499e-16
1.776893761547423567e-16
1.774945499616430881e-16
1.772997237685437948e-16
1.771048975754445016e-16
1.769100713823452084e-16
1.767152451892459151e-16
1.765204189961466219e-16
1.766130051294411051e-16
1.767055912627355883e-16
1.767981773960300469e-16
1.768907635293245301e-16
1.769833496626190133e-16
1.770759357959134965e-16
1.771685219292079797e-16
1.772611080625024383e-16
1.773536941957969215e-16
1.774462803290914047e-16
1.771607155126588339e-16
1.768751506962262631e-16
1.765895858797936924e-16
1.763040210633611216e-16
1.760184562469285508e-16
1.757328914304959554e-16
1.754473266140633846e-16
1.751617617976308138e-16
1.748761969811982430e-16
1.745906321647656722e-16
1.746352132547036106e-16
1.746797943446415736e-16
1.747243754345795366e-16
1.747689565245174750e-16
1.748135376144554134e-16
1.748581187043933764e-16
1.749026997943313394e-16
1.749472808842692778e-16
1.749918619742072161e-16
1.750364430641451792e-16
1.747407157850136059e-16
1.744449885058820326e-16
1.741492612267504347e-16
1.738535339476188614e-16
1.735578066684872881e-16
1.732620793893557149e-16
1.729663521102241416e-16
1.726706248310925437e-16
1.723748975519609704e-16
1.720791702728293971e-16
1.721152985659935176e-16
1.721514268591576381e-16
1.721875551523217832e-16
1.722236834454859037e-16
1.722598117386500241e-16
1.722959400318141446e-16
1.723320683249782651e-16
1.723681966181424102e-16
1.724043249113065306e-16
1.724404532044706511e-16
1.728852482287207163e-16
1.733300432529708062e-16
1.737748382772208960e-16
1.742196333014709612e-16
1.746644283257210264e-16
1.751092233499711163e-16
1.755540183742212061e-16
1.759988133984712713e-16
1.764436084227213365e-16
1.768884034469714264e-16
1.763906938165749951e-16
1.758929841861785393e-16
1.753952745557821080e-16
1.748975649253856768e-16
1.743998552949892209e-16
1.739021456645927897e-16
1.734044360341963585e-16
1.729067264037999273e-16
1.724090167734034714e-16
1.719113071430070402e-16
1.717344663837411522e-16
1.715576256244752641e-16
1.713807848652093761e-16
1.712039441059434881e-16
1.710271033466776001e-16
1.708502625874117121e-16
1.706734218281458241e-16
1.704965810688799361e-16
1.703197403096140481e-16
1.701428995503481601e-16
1.699733556405000481e-16
1.698038117306519114e-16
1.696342678208037748e-16
1.694647239109556628e-16
1.692951800011075508e-16
1.691256360912594141e-16
1.689560921814112774e-16
1.687865482715631654e-16
1.686170043617150534e-16
1.684474604518669168e-16
1.685780011707453980e-16
1.687085418896238545e-16
1.688390826085023357e-16
1.689696233273807923e-16
1.691001640462592735e-16
1.692307047651377547e-16
1.693612454840162112e-16
1.694917862028946924e-16
1.696223269217731490e-16
1.697528676406516302e-16
1.707207947896921933e-16
1.716887219387327811e-16
1.726566490877733690e-16
1.736245762368139321e-16
1.745925033858544953e-16
1.755604305348950831e-16
1.765283576839356709e-16
1.774962848329762341e-16
1.784642119820167972e-16
1.794321391310573850e-16
1.803637819872940004e-16
1.812954248435306158e-16
1.822270676997672065e-16
1.831587105560038218e-16
1.840903534122404372e-16
1.850219962684770526e-16
1.859536391247136679e-16
1.868852819809502586e-16
1.878169248371868740e-16
1.887485676934234894e-16
1.893686260320560575e-16
1.899886843706886257e-16
1.906087427093212185e-16
1.912288010479537867e-16
1.918488593865863548e-16
1.924689177252189230e-16
1.930889760638514911e-16
1.937090344024840840e-16
1.943290927411166521e-16
1.949491510797492203e-16
1.956180597740437762e-16
1.962869684683383321e-16
1.969558771626329126e-16
1.976247858569274685e-16
1.982936945512220244e-16
1.989626032455165804e-16
1.996315119398111363e-16
2.003004206341057168e-16
2.009693293284002727e-16
2.016382380226948286e-16
2.023313174755721683e-16
2.030243969284495080e-16
2.037174763813268724e-16
2.044105558342042121e-16
2.051036352870815517e-16
2.057967147399588914e-16
2.064897941928362311e-16
2.071828736457135955e-16
2.078759530985909352e-16
2.085690325514682749e-16
2.079030482375603729e-16
2.072370639236524956e-16
2.065710796097446182e-16
2.059050952958367162e-16
2.052391109819288142e-16
2.045731266680209369e-16
2.039071423541130596e-16
2.032411580402051576e-16
2.025751737262972556e-16
2.019091894123893783e-16
2.015845932245012202e-16
2.012599970366130621e-16
2.009354008487248793e-16
2.006108046608367212e-16
2.002862084729485631e-16
1.999616122850604050e-16
1.996370160971722469e-16
1.993124199092840641e-16
1.989878237213959060e-16
1.986632275335077479e-16
1.980739262154910481e-16
1.974846248974743729e-16
1.968953235794576730e-16
1.963060222614409978e-16
1.957167209434242980e-16
1.951274196254075982e-16
1.945381183073909230e-16
1.939488169893742231e-16
1.933595156713575479e-16
1.927702143533408481e-16
1.936714540805895262e-16
1.945726938078382042e-16
1.954739335350868823e-16
1.963751732623355604e-16
1.972764129895842631e-16
1.981776527168329411e-16
1.990788924440816192e-16
1.999801321713302973e-16
2.008813718985789753e-16
2.017826116258276534e-16
2.034358921632671381e-16
2.050891727007066228e-16
2.067424532381461076e-16
2.083957337755855923e-16
2.100490143130250770e-16
2.117022948504645864e-16
2.133555753879040711e-16
2.150088559253435558e-16
2.166621364627830405e-16
2.183154170002225253e-16
2.189046063586577762e-16
2.194937957170930271e-16
2.200829850755282781e-16
2.206721744339635290e-16
2.212613637923987800e-16
2.218505531508340556e-16
2.224397425092692818e-16
2.230289318677045574e-16
2.236181212261397837e-16
2.242073105845750593e-16
2.254630180860216611e-16
2.267187255874682629e-16
2.279744330889148647e-16
2.292301405903614665e-16
2.304858480918081176e-16
2.317415555932547194e-16
2.329972630947013212e-16
2.342529705961479230e-16
2.355086780975945247e-16
2.367643855990411265e-16
2.384263189129733709e-16
2.400882522269056153e-16
2.417501855408378597e-16
2.434121188547701041e-16
2.450740521687022992e-16
2.467359854826345435e-16
2.483979187965667879e-16
2.500598521104990323e-16
2.517217854244312767e-16
2.533837187383635211e-16
2.551806298320440408e-16
2.569775409257246099e-16
2.587744520194051296e-16
2.605713631130856987e-16
2.623682742067662184e-16
2.641651853004467381e-16
2.659620963941273072e-16
2.677590074878078269e-16
2.695559185814883960e-16
2.713528296751689157e-16
2.727696547252031691e-16
2.741864797752373732e-16
2.756033048252716267e-16
2.770201298753058308e-16
2.784369549253400842e-16
2.798537799753743376e-16
2.812706050254085417e-16
2.826874300754427951e-16
2.841042551254769993e-16
2.855210801755112527e-16
2.846349007326886422e-16
2.837487212898660318e-16
2.828625418470433721e-16
2.819763624042207617e-16
2.810901829613981513e-16
2.802040035185755408e-16
2.793178240757529304e-16
2.784316446329302707e-16
2.775454651901076603e-16
2.766592857472850498e-16
2.744563169391688049e-16
2.722533481310525107e-16
2.700503793229362658e-16
2.678474105148199715e-16
2.656444417067037266e-16
2.634414728985874817e-16
2.612385040904711875e-16
2.590355352823549425e-16
2.568325664742386483e-16
2.546295976661224034e-16
2.527214683324761121e-16
2.508133389988298209e-16
2.489052096651835296e-16
2.469970803315372384e-16
2.450889509978909965e-16
2.431808216642447052e-16
2.412726923305984140e-16
2.393645629969521227e-16
2.374564336633058315e-16
2.355483043296595402e-16
2.336004527831577337e-16
2.316526012366559271e-16
2.297047496901541205e-16
2.277568981436522646e-16
2.258090465971504581e-16
2.238611950506486515e-16
2.219133435041468449e-16
2.199654919576450383e-16
2.180176404111432071e-16
2.160697888646414005e-16
2.161825040446084248e-16
2.162952192245754738e-16
2.164079344045424981e-16
2.165206495845095224e-16
2.166333647644765713e-16
2.167460799444435956e-16
2.168587951244106199e-16
2.169715103043776442e-16
2.170842254843446932e-16
2.171969406643117175e-16
2.174149404564217208e-16
2.176329402485316995e-16
2.178509400406416783e-16
2.180689398327516816e-16
2.182869396248616850e-16
2.185049394169716637e-16
2.187229392090816424e-16
2.189409390011916458e-16
2.191589387933016492e-16
2.193769385854116279e-16
2.213253165929500747e-16
2.232736946004884968e-16
2.252220726080269683e-16
2.271704506155653904e-16
2.291188286231038126e-16
2.310672066306422840e-16
2.330155846381807062e-16
2.349639626457191283e-16
2.369123406532575998e-16
2.388607186607960219e-16
2.399092399063727874e-16
2.409577611519495036e-16
2.420062823975262691e-16
2.430548036431030346e-16
2.441033248886797508e-16
2.451518461342565163e-16
2.462003673798332817e-16
2.472488886254100472e-16
2.482974098709867634e-16
2.493459311165635289e-16
2.507386201495717351e-16
2.521313091825799414e-16
2.535239982155881476e-16
2.549166872485963538e-16
2.563093762816045600e-16
2.577020653146128155e-16
2.590947543476210217e-16
2.604874433806292280e-16
2.618801324136374342e-16
2.632728214466456404e-16
2.653431169441459454e-16
2.674134124416462998e-16
2.694837079391466048e-16
2.715540034366469099e-16
2.736242989341472643e-16
2.756945944316475693e-16
2.777648899291478744e-16
2.798351854266481794e-16
2.819054809241485338e-16
2.839757764216488388e-16
2.844141477228821110e-16
2.848525190241153833e-16
2.852908903253486062e-16
2.857292616265818784e-16
2.861676329278151506e-16
2.866060042290484229e-16
2.870443755302816951e-16
2.874827468315149180e-16
2.879211181327481903e-16
2.883594894339814625e-16
2.869881366594497189e-16
2.856167838849179260e-16
2.842454311103861824e-16
2.828740783358544388e-16
2.815027255613226952e-16
2.801313727867909024e-16
2.787600200122591588e-16
2.773886672377274152e-16
2.760173144631956223e-16
2.746459616886638787e-16
2.729267102227973744e-16
2.712074587569308207e-16
2.694882072910643163e-16
2.677689558251978120e-16
2.660497043593313076e-16
2.643304528934647540e-16
2.626112014275982496e-16
2.608919499617317452e-16
2.591726984958651916e-16
2.574534470299986872e-16
2.572784321376230346e-16
2.571034172452473820e-16
2.569284023528717294e-16
2.567533874604960768e-16
2.565783725681204242e-16
2.564033576757447716e-16
2.562283427833691190e-16
2.560533278909934664e-16
2.558783129986178137e-16
2.557032981062421611e-16
2.559861062967396688e-16
2.562689144872372257e-16
2.565517226777347334e-16
2.568345308682322903e-16
2.571173390587297979e-16
2.574001472492273549e-16
2.576829554397249118e-16
2.579657636302224195e-16
2.582485718207199271e-16
2.585313800112174840e-16
2.589138234305175480e-16
2.592962668498176613e-16
2.596787102691177745e-16
2.600611536884178385e-16
2.604435971077179025e-16
2.608260405270180157e-16
2.612084839463181290e-16
2.615909273656181930e-16
2.619733707849182570e-16
2.623558142042183702e-16
2.622335280638365365e-16
2.621112419234546535e-16
2.619889557830728198e-16
2.618666696426909369e-16
2.617443835023091032e-16
2.616220973619272695e-16
2.614998112215453865e-16
2.613775250811635528e-16
2.612552389407816698e-16
2.611329528003998361e-16
2.619465926412082899e-16
2.627602324820166944e-16
2.635738723228251482e-16
2.643875121636336021e-16
2.652011520044420559e-16
2.660147918452504604e-16
2.668284316860589142e-16
2.676420715268673680e-16
2.684557113676757725e-16
2.692693512084842264e-16
2.714045601956929217e-16
2.735397691829016171e-16
2.756749781701102632e-16
2.778101871573189586e-16
2.799453961445276540e-16
2.820806051317363494e-16
2.842158141189450448e-16
2.863510231061536908e-16
2.884862320933623862e-16
2.906214410805710816e-16
2.946047754588138016e-16
2.985881098370565216e-16
3.025714442152991924e-16
3.065547785935419124e-16
3.105381129717846324e-16
3.145214473500273524e-16
3.185047817282700724e-16
3.224881161065127432e-16
3.264714504847554632e-16
3.304547848629981832e-16
3.315789174672282564e-16
3.327030500714583790e-16
3.338271826756884522e-16
3.349513152799185255e-16
3.360754478841485987e-16
3.371995804883787213e-16
3.383237130926087945e-16
3.394478456968388678e-16
3.405719783010689903e-16
3.416961109052990636e-16
3.423522051387513926e-16
3.430082993722037217e-16
3.436643936056560508e-16
3.443204878391083798e-16
3.449765820725607089e-16
3.456326763060130379e-16
3.462887705394653670e-16
3.469448647729176961e-16
3.476009590063700251e-16
3.482570532398223542e-16
3.527757332205411279e-16
3.572944132012599015e-16
3.618130931819786752e-16
3.663317731626974489e-16
3.708504531434161732e-16
3.753691331241349469e-16
3.798878131048537206e-16
3.844064930855724942e-16
3.889251730662912679e-16
3.934438530470100416e-16
3.953099301804937624e-16
3.971760073139774833e-16
3.990420844474612041e-16
4.009081615809449250e-16
4.027742387144286458e-16
4.046403158479123667e-16
4.065063929813960876e-16
4.083724701148798084e-16
4.102385472483635293e-16
4.121046243818472501e-16
4.144023631878970212e-16
4.167001019939468416e-16
4.189978407999966620e-16
4.212955796060464331e-16
4.235933184120962042e-16
4.258910572181460245e-16
4.281887960241958449e-16
4.304865348302456160e-16
4.327842736362953871e-16
4.350820124423452075e-16
4.368253854253530931e-16
4.385687584083609295e-16
4.403121313913688151e-16
4.420555043743766514e-16
4.437988773573845371e-16
4.455422503403924227e-16
4.472856233234003083e-16
4.490289963064080954e-16
4.507723692894159810e-16
4.525157422724238666e-16
4.548889992689274599e-16
4.572622562654309547e-16
4.596355132619344494e-16
4.620087702584380427e-16
4.643820272549416360e-16
4.667552842514451307e-16
4.691285412479486254e-16
4.715017982444522188e-16
4.738750552409558121e-16
4.762483122374593068e-16
4.807872199422119711e-16
4.853261276469647341e-16
4.898650353517173984e-16
4.944039430564700628e-16
4.989428507612228257e-16
5.034817584659754901e-16
5.080206661707281544e-16
5.125595738754808188e-16
5.170984815802335817e-16
5.216373892849862461e-16
5.233582253231617139e-16
5.250790613613370830e-16
5.267998973995125508e-16
5.285207334376879199e-16
5.302415694758633877e-16
5.319624055140388555e-16
5.336832415522142246e-16
5.354040775903896924e-16
5.371249136285650616e-16
5.388457496667405293e-16
5.458158556420605165e-16
5.527859616173805036e-16
5.597560675927004907e-16
5.667261735680204779e-16
5.736962795433404650e-16
5.806663855186604521e-16
5.876364914939804393e-16
5.946065974693004264e-16
6.015767034446204136e-16
6.085468094199404007e-16
6.217942417949972945e-16
6.350416741700542869e-16
6.482891065451111806e-16
6.615365389201681730e-16
6.747839712952250668e-16
6.880314036702820592e-16
7.012788360453389530e-16
7.145262684203958468e-16
7.277737007954528392e-16
7.410211331705097330e-16
7.600618335098362614e-16
7.791025338491628884e-16
7.981432341884894168e-16
8.171839345278159453e-16
8.362246348671425723e-16
8.552653352064691007e-16
8.743060355457956292e-16
8.933467358851222562e-16
9.123874362244486860e-16
9.314281365637753131e-16
9.693476658495950007e-16
1.007267195135414688e-15
1.045186724421234573e-15
1.083106253707054261e-15
1.121025782992873948e-15
1.158945312278693636e-15
1.196864841564513324e-15
1.234784370850333209e-15
1.272703900136152896e-15
1.310623429421972584e-15
1.351686798926059421e-15
1.392750168430146258e-15
1.433813537934233293e-15
1.474876907438320130e-15
1.515940276942406968e-15
1.557003646446493805e-15
1.598067015950580642e-15
1.639130385454667677e-15
1.680193754958754514e-15
1.721257124462841351e-15
1.725303690354690970e-15
1.729350256246540392e-15
1.733396822138390011e-15
1.737443388030239630e-15
1.741489953922089249e-15
1.745536519813938671e-15
1.749583085705788290e-15
1.753629651597637909e-15
1.757676217489487331e-15
1.761722783381336950e-15
1.742702608232608241e-15
1.723682433083879533e-15
1.704662257935150824e-15
1.685642082786422115e-15
1.666621907637693407e-15
1.647601732488964501e-15
1.628581557340235792e-15
1.609561382191507083e-15
1.590541207042778375e-15
1.571521031894049666e-15
1.540960992285398196e-15
1.510400952676746530e-15
1.479840913068095060e-15
1.449280873459443591e-15
1.418720833850791924e-15
1.388160794242140455e-15
1.357600754633488985e-15
1.327040715024837516e-15
1.296480675416185849e-15
1.265920635807534380e-15
1.248206739938862115e-15
1.230492844070189849e-15
1.212778948201517584e-15
1.195065052332845319e-15
1.177351156464173054e-15
1.159637260595500591e-15
1.141923364726828326e-15
1.124209468858156061e-15
1.106495572989483796e-15
1.088781677120811531e-15
1.084024482849448808e-15
1.079267288578086085e-15
1.074510094306723362e-15
1.069752900035360639e-15
1.064995705763998114e-15
1.060238511492635391e-15
1.055481317221272668e-15
1.050724122949909945e-15
1.045966928678547223e-15
1.041209734407184500e-15
1.029785888526798183e-15
1.018362042646411867e-15
1.006938196766025550e-15
9.955143508856392333e-16
9.840905050052529167e-16
9.726666591248666001e-16
9.612428132444802835e-16
9.498189673640939669e-16
9.383951214837076502e-16
9.269712756033213336e-16
9.152443482190006301e-16
9.035174208346801238e-16
8.917904934503594203e-16
8.800635660660388155e-16
8.683366386817182106e-16
8.566097112973975071e-16
8.448827839130769022e-16
8.331558565287562973e-16
8.214289291444355938e-16
8.097020017601149889e-16
8.015625760691402095e-16
7.934231503781653314e-16
7.852837246871905520e-16
7.771442989962157725e-16
7.690048733052409931e-16
7.608654476142661150e-16
7.527260219232913356e-16
7.445865962323165561e-16
7.364471705413416781e-16
7.283077448503668986e-16
7.248816342607586021e-16
7.214555236711503056e-16
7.180294130815421077e-16
7.146033024919338112e-16
7.111771919023255147e-16
7.077510813127172182e-16
7.043249707231089217e-16
7.008988601335007238e-16
6.974727495438924273e-16
6.940466389542841308e-16
6.933767630855675344e-16
6.927068872168509380e-16
6.920370113481343417e-16
6.913671354794177453e-16
6.906972596107011489e-16
6.900273837419845525e-16
6.893575078732679561e-16
6.886876320045513598e-16
6.880177561358347634e-16
6.873478802671181670e-16
6.857290518498512870e-16
6.841102234325844071e-16
6.824913950153174285e-16
6.808725665980505485e-16
6.792537381807836685e-16
6.776349097635167885e-16
6.760160813462499086e-16
6.743972529289829300e-16
6.727784245117160500e-16
6.711595960944491700e-16
6.674388136150184751e-16
6.637180311355878789e-16
6.599972486561571840e-16
6.562764661767264891e-16
6.525556836972958928e-16
6.488349012178651979e-16
6.451141187384345030e-16
6.413933362590038081e-16
6.376725537795732118e-16
6.339517713001425169e-16
6.293832216097154405e-16
6.248146719192883641e-16
6.202461222288611892e-16
6.156775725384341128e-16
6.111090228480070364e-16
6.065404731575799600e-16
6.019719234671528836e-16
5.974033737767257086e-16
5.928348240862986322e-16
5.882662743958715558e-16
5.823004493953851850e-16
5.763346243948987155e-16
5.703687993944122460e-16
5.644029743939258751e-16
5.584371493934395042e-16
5.524713243929530348e-16
5.465054993924665653e-16
5.405396743919801944e-16
5.345738493914938235e-16
5.286080243910073541e-16
5.220942469189823422e-16
5.155804694469574290e-16
5.090666919749324172e-16
5.025529145029075039e-16
4.960391370308824921e-16
4.895253595588574803e-16
4.830115820868325670e-16
4.764978046148075552e-16
4.699840271427826420e-16
4.634702496707576301e-16
4.589093467962726831e-16
4.543484439217877360e-16
4.497875410473027889e-16
4.452266381728178418e-16
4.406657352983328947e-16
4.361048324238479476e-16
4.315439295493630005e-16
4.269830266748780534e-16
4.224221238003931064e-16
4.178612209259081593e-16
4.141685451312007314e-16
4.104758693364933034e-16
4.067831935417859248e-16
4.030905177470784969e-16
3.993978419523710690e-16
3.957051661576636411e-16
3.920124903629562132e-16
3.883198145682488346e-16
3.846271387735414067e-16
3.809344629788339788e-16
3.792603306503163839e-16
3.775861983217987890e-16
3.759120659932812434e-16
3.742379336647636485e-16
3.725638013362460536e-16
3.708896690077284587e-16
3.692155366792108638e-16
3.675414043506933182e-16
3.658672720221757233e-16
3.641931396936581284e-16
3.612811456915928434e-16
3.583691516895275583e-16
3.554571576874622732e-16
3.525451636853969882e-16
3.496331696833316538e-16
3.467211756812663687e-16
3.438091816792010837e-16
3.408971876771357986e-16
3.379851936750705135e-16
3.350731996730052285e-16
3.364462013872300635e-16
3.378192031014548492e-16
3.391922048156796842e-16
3.405652065299045192e-16
3.419382082441293542e-16
3.433112099583541400e-16
3.446842116725789750e-16
3.460572133868038100e-16
3.474302151010285957e-16
3.488032168152534307e-16
3.501060924734083832e-16
3.514089681315633358e-16
3.527118437897183376e-16
3.540147194478732901e-16
3.553175951060282427e-16
3.566204707641831952e-16
3.579233464223381477e-16
3.592262220804931496e-16
3.605290977386481021e-16
3.618319733968030546e-16
3.586948374342589290e-16
3.555577014717148034e-16
3.524205655091707271e-16
3.492834295466266015e-16
3.461462935840824759e-16
3.430091576215383504e-16
3.398720216589942248e-16
3.367348856964501485e-16
3.335977497339060229e-16
3.304606137713618973e-16
3.305696002361949523e-16
3.306785867010280073e-16
3.307875731658610623e-16
3.308965596306941173e-16
3.310055460955271723e-16
3.311145325603602273e-16
3.312235190251932824e-16
3.313325054900263374e-16
3.314414919548593924e-16
3.315504784196924474e-16
3.320240484134162542e-16
3.324976184071400116e-16
3.329711884008638184e-16
3.334447583945876252e-16
3.339183283883114320e-16
3.343918983820351895e-16
3.348654683757589963e-16
3.353390383694828030e-16
3.358126083632065605e-16
3.362861783569303673e-16
3.377386885474844478e-16
3.391911987380385283e-16
3.406437089285926088e-16
3.420962191191466893e-16
3.435487293097008191e-16
3.450012395002548996e-16
3.464537496908089801e-16
3.479062598813630606e-16
3.493587700719171410e-16
3.508112802624712215e-16
3.517857712033065491e-16
3.527602621441419260e-16
3.537347530849772536e-16
3.547092440258125812e-16
3.556837349666479581e-16
3.566582259074832857e-16
3.576327168483186133e-16
3.586072077891539408e-16
3.595816987299893177e-16
3.605561896708246453e-16
3.619997473224285555e-16
3.634433049740324657e-16
3.648868626256364252e-16
3.663304202772403353e-16
3.677739779288442455e-16
3.692175355804481557e-16
3.706610932320520659e-16
3.721046508836560254e-16
3.735482085352599355e-16
3.749917661868638457e-16
3.811783414168401532e-16
3.873649166468164606e-16
3.935514918767927681e-16
3.997380671067690756e-16
4.059246423367453830e-16
4.121112175667216412e-16
4.182977927966979486e-16
4.244843680266742561e-16
4.306709432566505636e-16
4.368575184866268710e-16
4.444893612532407069e-16
4.521212040198544443e-16
4.597530467864682802e-16
4.673848895530821162e-16
4.750167323196959521e-16
4.826485750863096894e-16
4.902804178529235254e-16
4.979122606195373613e-16
5.055441033861510986e-16
5.131759461527649346e-16
5.179126125463435977e-16
5.226492789399223594e-16
5.273859453335010226e-16
5.321226117270797843e-16
5.368592781206584474e-16
5.415959445142371105e-16
5.463326109078158723e-16
5.510692773013945354e-16
5.558059436949732972e-16
5.605426100885519603e-16
5.688352993747783775e-16
5.771279886610048933e-16
5.854206779472313105e-16
5.937133672334578263e-16
6.020060565196842435e-16
6.102987458059106606e-16
6.185914350921371764e-16
6.268841243783635936e-16
6.351768136645901094e-16
6.434695029508165266e-16
6.558035071882268727e-16
6.681375114256373173e-16
6.804715156630476633e-16
6.928055199004581080e-16
7.051395241378684540e-16
7.174735283752788000e-16
7.298075326126892447e-16
7.421415368500995907e-16
7.544755410875100353e-16
7.668095453249203814e-16
7.881863178266733818e-16
8.095630903284263822e-16
8.309398628301794812e-16
8.523166353319324816e-16
8.736934078336854820e-16
8.950701803354385810e-16
9.164469528371915814e-16
9.378237253389445818e-16
9.592004978406975822e-16
9.805772703424505826e-16
9.919505273354818550e-16
1.003323784328513128e-15
1.014697041321544400e-15
1.026070298314575672e-15
1.037443555307606748e-15
1.048816812300638020e-15
1.060190069293669293e-15
1.071563326286700565e-15
1.082936583279731838e-15
1.094309840272763110e-15
1.084522902806347417e-15
1.074735965339931921e-15
1.064949027873516425e-15
1.055162090407100732e-15
1.045375152940685039e-15
1.035588215474269544e-15
1.025801278007854048e-15
1.016014340541438355e-15
1.006227403075022662e-15
9.964404656086071658e-16
9.717282158627016789e-16
9.470159661167961920e-16
9.223037163708907051e-16
8.975914666249852182e-16
8.728792168790796326e-16
8.481669671331741457e-16
8.234547173872685602e-16
7.987424676413630733e-16
7.740302178954575864e-16
7.493179681495520994e-16
7.262778897385796070e-16
7.032378113276070159e-16
6.801977329166344248e-16
6.571576545056619323e-16
6.341175760946894398e-16
6.110774976837168487e-16
5.880374192727442576e-16
5.649973408617717651e-16
5.419572624507992726e-16
5.189171840398266815e-16
5.045015396048968782e-16
4.900858951699671735e-16
4.756702507350373702e-16
4.612546063001075669e-16
4.468389618651778622e-16
4.324233174302481082e-16
4.180076729953183543e-16
4.035920285603885510e-16
3.891763841254587970e-16
3.747607396905290430e-16
3.683537271684195545e-16
3.619467146463100167e-16
3.555397021242005282e-16
3.491326896020909904e-16
3.427256770799815019e-16
3.363186645578720134e-16
3.299116520357624756e-16
3.235046395136529871e-16
3.170976269915434493e-16
3.106906144694339608e-16
3.066568408723062808e-16
3.026230672751786009e-16
2.985892936780508716e-16
2.945555200809231916e-16
2.905217464837955117e-16
2.864879728866678317e-16
2.824541992895401518e-16
2.784204256924124225e-16
2.743866520952847426e-16
2.703528784981570626e-16
2.675161333403104751e-16
2.646793881824639369e-16
2.618426430246173494e-16
2.590058978667707619e-16
2.561691527089242238e-16
2.533324075510776363e-16
2.504956623932310488e-16
2.476589172353844613e-16
2.448221720775379231e-16
2.419854269196913356e-16
2.400612818411690748e-16
2.381371367626468633e-16
2.362129916841246025e-16
2.342888466056023417e-16
2.323647015270801302e-16
2.304405564485578694e-16
2.285164113700356086e-16
2.265922662915133477e-16
2.246681212129911362e-16
2.227439761344688754e-16
2.211448895256288359e-16
2.195458029167887717e-16
2.179467163079487322e-16
2.163476296991086680e-16
2.147485430902686285e-16
2.131494564814285889e-16
2.115503698725885247e-16
2.099512832637484852e-16
2.083521966549084210e-16
2.067531100460683815e-16
2.064892329788524671e-16
2.062253559116365773e-16
2.059614788444206629e-16
2.056976017772047731e-16
2.054337247099888587e-16
2.051698476427729443e-16
2.049059705755570545e-16
2.046420935083411401e-16
2.043782164411252503e-16
2.041143393739093359e-16
2.039342907200401466e-16
2.037542420661709573e-16
2.035741934123017927e-16
2.033941447584326035e-16
2.032140961045634142e-16
2.030340474506942249e-16
2.028539987968250356e-16
2.026739501429558710e-16
2.024939014890866817e-16
2.023138528352174925e-16
2.026263377836996446e-16
2.029388227321817721e-16
2.032513076806639242e-16
2.035637926291460764e-16
2.038762775776282039e-16
2.041887625261103560e-16
2.045012474745925081e-16
2.048137324230746603e-16
2.051262173715567878e-16
2.054387023200389399e-16
2.066337727790000634e-16
2.078288432379611622e-16
2.090239136969222610e-16
2.102189841558833844e-16
2.114140546148444832e-16
2.126091250738056067e-16
2.138041955327667055e-16
2.149992659917278290e-16
2.161943364506889524e-16
2.173894069096500513e-16
2.170063901916114880e-16
2.166233734735729000e-16
2.162403567555343367e-16
2.158573400374957488e-16
2.154743233194571855e-16
2.150913066014186222e-16
2.147082898833800343e-16
2.143252731653414710e-16
2.139422564473028831e-16
2.135592397292643198e-16
2.133241589762221584e-16
2.130890782231800217e-16
2.128539974701378850e-16
2.126189167170957237e-16
2.123838359640535623e-16
2.121487552110114256e-16
2.119136744579692889e-16
2.116785937049271276e-16
2.114435129518849662e-16
2.112084321988428295e-16
2.105388527493042295e-16
2.098692732997656295e-16
2.091996938502270541e-16
2.085301144006884541e-16
2.078605349511498541e-16
2.071909555016112541e-16
2.065213760520726541e-16
2.058517966025340787e-16
2.051822171529954787e-16
2.045126377034568787e-16
2.022451479212816447e-16
1.999776581391064354e-16
1.977101683569312014e-16
1.954426785747559921e-16
1.931751887925807581e-16
1.909076990104055241e-16
1.886402092282303148e-16
1.863727194460550808e-16
1.841052296638798468e-16
1.818377398817046375e-16
1.805028273843308619e-16
1.791679148869571111e-16
1.778330023895833355e-16
1.764980898922095600e-16
1.751631773948358091e-16
1.738282648974620336e-16
1.724933524000882581e-16
1.711584399027144826e-16
1.698235274053407317e-16
1.684886149079669562e-16
1.685393718096301911e-16
1.685901287112934261e-16
1.686408856129566364e-16
1.686916425146198713e-16
1.687423994162831063e-16
1.687931563179463412e-16
1.688439132196095762e-16
1.688946701212727865e-16
1.689454270229360214e-16
1.689961839245992564e-16
1.686884698117714674e-16
1.683807556989436538e-16
1.680730415861158649e-16
1.677653274732880513e-16
1.674576133604602624e-16
1.671498992476324734e-16
1.668421851348046599e-16
1.665344710219768709e-16
1.662267569091490573e-16
1.659190427963212684e-16
1.659773855263115922e-16
1.660357282563019407e-16
1.660940709862922645e-16
1.661524137162826129e-16
1.662107564462729367e-16
1.662690991762632606e-16
1.663274419062536090e-16
1.663857846362439328e-16
1.664441273662342813e-16
1.665024700962246051e-16
1.669639860011621129e-16
1.674255019060996208e-16
1.678870178110371039e-16
1.683485337159746117e-16
1.688100496209121196e-16
1.692715655258496274e-16
1.697330814307871352e-16
1.701945973357246184e-16
1.706561132406621262e-16
1.711176291455996340e-16
1.707651400312787781e-16
1.704126509169579468e-16
1.700601618026370909e-16
1.697076726883162596e-16
1.693551835739954036e-16
1.690026944596745477e-16
1.686502053453537164e-16
1.682977162310328605e-16
1.679452271167120292e-16
1.675927380023911733e-16
1.672636360017070323e-16
1.669345340010228913e-16
1.666054320003387503e-16
1.662763299996546093e-16
1.659472279989704683e-16
1.656181259982863026e-16
1.652890239976021616e-16
1.649599219969180206e-16
1.646308199962338796e-16
1.643017179955497386e-16
1.648126157875204653e-16
1.653235135794911920e-16
1.658344113714619186e-16
1.663453091634326453e-16
1.668562069554033473e-16
1.673671047473740740e-16
1.678780025393448007e-16
1.683889003313155274e-16
1.688997981232862540e-16
1.694106959152569807e-16
1.691979758045357321e-16
1.689852556938145081e-16
1.687725355830932595e-16
1.685598154723720355e-16
1.683470953616507868e-16
1.681343752509295382e-16
1.679216551402083142e-16
1.677089350294870656e-16
1.674962149187658416e-16
1.672834948080445930e-16
1.590928909345823583e-16
1.509022870611200989e-16
1.427116831876578642e-16
1.345210793141956296e-16
1.263304754407333702e-16
1.181398715672711355e-16
1.099492676938089008e-16
1.017586638203466538e-16
9.356805994688441914e-17
8.537745607342217213e-17
