8.479662689826481048e-17
1.185936153623236512e-16
1.523906038263825043e-16
1.861875922904413574e-16
2.199845807545001859e-16
2.537815692185590389e-16
2.875785576826178920e-16
3.213755461466767944e-16
3.551725346107355982e-16
3.889695230747944513e-16
4.227665115388533044e-16
4.211067833617335000e-16
4.194470551846137450e-16
4.177873270074939407e-16
4.161275988303741857e-16
4.144678706532543813e-16
4.128081424761345770e-16
4.111484142990148220e-16
4.094886861218950176e-16
4.078289579447752626e-16
4.061692297676554583e-16
3.984488253119355310e-16
3.907284208562156531e-16
3.830080164004957258e-16
3.752876119447757986e-16
3.675672074890559206e-16
3.598468030333359934e-16
3.521263985776160661e-16
3.444059941218961882e-16
3.366855896661762609e-16
3.289651852104563337e-16
3.249516271172347665e-16
3.209380690240131994e-16
3.169245109307916815e-16
3.129109528375701144e-16
3.088973947443485472e-16
3.048838366511269800e-16
3.008702785579054129e-16
2.968567204646838950e-16
2.928431623714623279e-16
2.888296042782407607e-16
2.882871398236527270e-16
2.877446753690647426e-16
2.872022109144767090e-16
2.866597464598887246e-16
2.861172820053006909e-16
2.855748175507126572e-16
2.850323530961246728e-16
2.844898886415366391e-16
2.839474241869486547e-16
2.834049597323606210e-16
2.849704851083335635e-16
2.865360104843065059e-16
2.881015358602794484e-16
2.896670612362523908e-16
2.912325866122253333e-16
2.927981119881982757e-16
2.943636373641712182e-16
2.959291627401441606e-16
2.974946881161171031e-16
2.990602134920900455e-16
2.965097024710057275e-16
2.939591914499213602e-16
2.914086804288370421e-16
2.888581694077526748e-16
2.863076583866683568e-16
2.837571473655840388e-16
2.812066363444996714e-16
2.786561253234153534e-16
2.761056143023309861e-16
2.735551032812466681e-16
2.704385089021548848e-16
2.673219145230630522e-16
2.642053201439712196e-16
2.610887257648794363e-16
2.579721313857876530e-16
2.548555370066958205e-16
2.517389426276039879e-16
2.486223482485122046e-16
2.455057538694204213e-16
2.423891594903285887e-16
2.413542060875495771e-16
2.403192526847705163e-16
2.392842992819915047e-16
2.382493458792124438e-16
2.372143924764334322e-16
2.361794390736544206e-16
2.351444856708753597e-16
2.341095322680963481e-16
2.330745788653172872e-16
2.320396254625382757e-16
2.321627392441574689e-16
2.322858530257766129e-16
2.324089668073957568e-16
2.325320805890149501e-16
2.326551943706341434e-16
2.327783081522532873e-16
2.329014219338724806e-16
2.330245357154916246e-16
2.331476494971108178e-16
2.332707632787299618e-16
2.327316413780039601e-16
2.321925194772779583e-16
2.316533975765519073e-16
2.311142756758259056e-16
2.305751537750999038e-16
2.300360318743739021e-16
2.294969099736479004e-16
2.289577880729218493e-16
2.284186661721958476e-16
2.278795442714698459e-16
2.284016589408342004e-16
2.289237736101985548e-16
2.294458882795629093e-16
2.299680029489272638e-16
2.304901176182916183e-16
2.310122322876559728e-16
2.315343469570203273e-16
2.320564616263846817e-16
2.325785762957490362e-16
2.331006909651133907e-16
2.328303532473756119e-16
2.325600155296378330e-16
2.322896778119001035e-16
2.320193400941623247e-16
2.317490023764245458e-16
2.314786646586867670e-16
2.312083269409489882e-16
2.309379892232112586e-16
2.306676515054734798e-16
2.303973137877357010e-16
2.282931949585001721e-16
2.261890761292646432e-16
2.240849573000291143e-16
2.219808384707935608e-16
2.198767196415580319e-16
2.177726008123225031e-16
2.156684819830869742e-16
2.135643631538514207e-16
2.114602443246158918e-16
2.093561254953803629e-16
2.097413886644984023e-16
2.101266518336164664e-16
2.105119150027345058e-16
2.108971781718525698e-16
2.112824413409706092e-16
2.116677045100886486e-16
2.120529676792067127e-16
2.124382308483247521e-16
2.128234940174428161e-16
2.132087571865608555e-16
2.132745116849057606e-16
2.133402661832506656e-16
2.134060206815955953e-16
2.134717751799405004e-16
2.135375296782854054e-16
2.136032841766303105e-16
2.136690386749752155e-16
2.137347931733201452e-16
2.138005476716650503e-16
2.138663021700099553e-16
2.137973399224846823e-16
2.137283776749594340e-16
2.136594154274341857e-16
2.135904531799089128e-16
2.135214909323836398e-16
2.134525286848583915e-16
2.133835664373331432e-16
2.133146041898078702e-16
2.132456419422825972e-16
2.131766796947573489e-16
2.130278534559861659e-16
2.128790272172149828e-16
2.127302009784437751e-16
2.125813747396725920e-16
2.124325485009014090e-16
2.122837222621302259e-16
2.121348960233590428e-16
2.119860697845878351e-16
2.118372435458166520e-16
2.116884173070454690e-16
2.106841775615399178e-16
2.096799378160343420e-16
2.086756980705287662e-16
2.076714583250232151e-16
2.066672185795176639e-16
2.056629788340120881e-16
2.046587390885065123e-16
2.036544993430009612e-16
2.026502595974954100e-16
2.016460198519898342e-16
2.011339537350626520e-16
2.006218876181354451e-16
2.001098215012082629e-16
1.995977553842810807e-16
1.990856892673538985e-16
1.985736231504266916e-16
1.980615570334995094e-16
1.975494909165723271e-16
1.970374247996451202e-16
1.965253586827179380e-16
1.979297714231574688e-16
1.993341841635969996e-16
2.007385969040365304e-16
2.021430096444760612e-16
2.035474223849155920e-16
2.049518351253551228e-16
2.063562478657946536e-16
2.077606606062341843e-16
2.091650733466737151e-16
2.105694860871132459e-16
2.108675820906331113e-16
2.111656780941529767e-16
2.114637740976728421e-16
2.117618701011927075e-16
2.120599661047125729e-16
2.123580621082324136e-16
2.126561581117522790e-16
2.129542541152721444e-16
2.132523501187920098e-16
2.135504461223118752e-16
2.120363654543884705e-16
2.105222847864650657e-16
2.090082041185416363e-16
2.074941234506182316e-16
2.059800427826948268e-16
2.044659621147714221e-16
2.029518814468480174e-16
2.014378007789245880e-16
1.999237201110011832e-16
1.984096394430777785e-16
1.986298545809468681e-16
1.988500697188159577e-16
1.990702848566850473e-16
1.992904999945541370e-16
1.995107151324232266e-16
1.997309302702923162e-16
1.999511454081614058e-16
2.001713605460304955e-16
2.003915756838995851e-16
2.006117908217686747e-16
2.008621238865816872e-16
2.011124569513947243e-16
2.013627900162077367e-16
2.016131230810207739e-16
2.018634561458337863e-16
2.021137892106467988e-16
2.023641222754598359e-16
2.026144553402728483e-16
2.028647884050858855e-16
2.031151214698988979e-16
2.027363181640458185e-16
2.023575148581927390e-16
2.019787115523396842e-16
2.015999082464866047e-16
2.012211049406335252e-16
2.008423016347804458e-16
2.004634983289273663e-16
2.000846950230743115e-16
1.997058917172212320e-16
1.993270884113681526e-16
2.001670640532673866e-16
2.010070396951666205e-16
2.018470153370658545e-16
2.026869909789650885e-16
2.035269666208643225e-16
2.043669422627635565e-16
2.052069179046627905e-16
2.060468935465620245e-16
2.068868691884612585e-16
2.077268448303604925e-16
2.074587988201084767e-16
2.071907528098564362e-16
2.069227067996044204e-16
2.066546607893524045e-16
2.063866147791003887e-16
2.061185687688483482e-16
2.058505227585963324e-16
2.055824767483443165e-16
2.053144307380922761e-16
2.050463847278402602e-16
2.035896846284709471e-16
2.021329845291016092e-16
2.006762844297322961e-16
1.992195843303629829e-16
1.977628842309936451e-16
1.963061841316243319e-16
1.948494840322550188e-16
1.933927839328857056e-16
1.919360838335163678e-16
1.904793837341470546e-16
1.905663343637622599e-16
1.906532849933774653e-16
1.907402356229926953e-16
1.908271862526079006e-16
1.909141368822231059e-16
1.910010875118383113e-16
1.910880381414535166e-16
1.911749887710687466e-16
1.912619394006839519e-16
1.913488900302991572e-16
1.921202756556750324e-16
1.928916612810509076e-16
1.936630469064267827e-16
1.944344325318026579e-16
1.952058181571785577e-16
1.959772037825544328e-16
1.967485894079303080e-16
1.975199750333061832e-16
1.982913606586820583e-16
1.990627462840579335e-16
1.989369563697118512e-16
1.988111664553657689e-16
1.986853765410196867e-16
1.985595866266736044e-16
1.984337967123275221e-16
1.983080067979814399e-16
1.981822168836353576e-16
1.980564269692892753e-16
1.979306370549431931e-16
1.978048471405971108e-16
1.975027438861016578e-16
1.972006406316061802e-16
1.968985373771107272e-16
1.965964341226152496e-16
1.962943308681197967e-16
1.959922276136243437e-16
1.956901243591288661e-16
1.953880211046334131e-16
1.950859178501379355e-16
1.947838145956424825e-16
1.946959669866426026e-16
1.946081193776427474e-16
1.945202717686428676e-16
1.944324241596429877e-16
1.943445765506431079e-16
1.942567289416432527e-16
1.941688813326433728e-16
1.940810337236434930e-16
1.939931861146436378e-16
1.939053385056437579e-16
1.940112476143027831e-16
1.941171567229618082e-16
1.942230658316208087e-16
1.943289749402798339e-16
1.944348840489388590e-16
1.945407931575978842e-16
1.946467022662569093e-16
1.947526113749159098e-16
1.948585204835749350e-16
1.949644295922339601e-16
1.948872588153500736e-16
1.948100880384661871e-16
1.947329172615823006e-16
1.946557464846984141e-16
1.945785757078145276e-16
1.945014049309306658e-16
1.944242341540467793e-16
1.943470633771628928e-16
1.942698926002790062e-16
1.941927218233951197e-16
1.947082051504449849e-16
1.952236884774948747e-16
1.957391718045447399e-16
1.962546551315946297e-16
1.967701384586444948e-16
1.972856217856943600e-16
1.978011051127442498e-16
1.983165884397941150e-16
1.988320717668440048e-16
1.993475550938938699e-16
1.989517661321510202e-16
1.985559771704081704e-16
1.981601882086653206e-16
1.977643992469224708e-16
1.973686102851796210e-16
1.969728213234367959e-16
1.965770323616939461e-16
1.961812433999510963e-16
1.957854544382082465e-16
1.953896654764653968e-16
1.947883979610057263e-16
1.941871304455460804e-16
1.935858629300864099e-16
1.929845954146267641e-16
1.923833278991670936e-16
1.917820603837074231e-16
1.911807928682477773e-16
1.905795253527881068e-16
1.899782578373284609e-16
1.893769903218687905e-16
1.892194041443049300e-16
1.890618179667410943e-16
1.889042317891772338e-16
1.887466456116133734e-16
1.885890594340495377e-16
1.884314732564856772e-16
1.882738870789218168e-16
1.881163009013579564e-16
1.879587147237941206e-16
1.878011285462302602e-16
1.884832286397464515e-16
1.891653287332626427e-16
1.898474288267788340e-16
1.905295289202950252e-16
1.912116290138112165e-16
1.918937291073274077e-16
1.925758292008435990e-16
1.932579292943597902e-16
1.939400293878759815e-16
1.946221294813921727e-16
1.946873046312290295e-16
1.947524797810658863e-16
1.948176549309027184e-16
1.948828300807395751e-16
1.949480052305764319e-16
1.950131803804132886e-16
1.950783555302501454e-16
1.951435306800869775e-16
1.952087058299238342e-16
1.952738809797606910e-16
1.946394845103940338e-16
1.940050880410274013e-16
1.933706915716607441e-16
1.927362951022940870e-16
1.921018986329274298e-16
1.914675021635607973e-16
1.908331056941941401e-16
1.901987092248274830e-16
1.895643127554608505e-16
1.889299162860941933e-16
1.883680116596306241e-16
1.878061070331670303e-16
1.872442024067034611e-16
1.866822977802398919e-16
1.861203931537762981e-16
1.855584885273127289e-16
1.849965839008491598e-16
1.844346792743855906e-16
1.838727746479219968e-16
1.833108700214584276e-16
1.838551675137853208e-16
1.843994650061122140e-16
1.849437624984391072e-16
1.854880599907660004e-16
1.860323574830928936e-16
1.865766549754197621e-16
1.871209524677466553e-16
1.876652499600735485e-16
1.882095474524004417e-16
1.887538449447273349e-16
1.889369403667945382e-16
1.891200357888617415e-16
1.893031312109289201e-16
1.894862266329961234e-16
1.896693220550633267e-16
1.898524174771305300e-16
1.900355128991977333e-16
1.902186083212649119e-16
1.904017037433321152e-16
1.905847991653993185e-16
1.904011009638543357e-16
1.902174027623093528e-16
1.900337045607643700e-16
1.898500063592193872e-16
1.896663081576744290e-16
1.894826099561294461e-16
1.892989117545844633e-16
1.891152135530394805e-16
1.889315153514944976e-16
1.887478171499495148e-16
1.884191325555436681e-16
1.880904479611378460e-16
1.877617633667319992e-16
1.874330787723261772e-16
1.871043941779203304e-16
1.867757095835144837e-16
1.864470249891086616e-16
1.861183403947028148e-16
1.857896558002969928e-16
1.854609712058911460e-16
1.852486688354930676e-16
1.850363664650949645e-16
1.848240640946968861e-16
1.846117617242988077e-16
1.843994593539007292e-16
1.841871569835026262e-16
1.839748546131045477e-16
1.837625522427064693e-16
1.835502498723083662e-16
1.833379475019102878e-16
1.833331918062492735e-16
1.833284361105882839e-16
1.833236804149272697e-16
1.833189247192662554e-16
1.833141690236052658e-16
1.833094133279442516e-16
1.833046576322832374e-16
1.832999019366222231e-16
1.832951462409612335e-16
1.832903905453002193e-16
1.838129553252214257e-16
1.843355201051426322e-16
1.848580848850638387e-16
1.853806496649850452e-16
1.859032144449062763e-16
1.864257792248274828e-16
1.869483440047486893e-16
1.874709087846698958e-16
1.879934735645911023e-16
1.885160383445123088e-16
1.881752871296032730e-16
1.878345359146942620e-16
1.874937846997852509e-16
1.871530334848762152e-16
1.868122822699671795e-16
1.864715310550581685e-16
1.861307798401491574e-16
1.857900286252401217e-16
1.854492774103310860e-16
1.851085261954220750e-16
1.851269741474020081e-16
1.851454220993819165e-16
1.851638700513618250e-16
1.851823180033417581e-16
1.852007659553216912e-16
1.852192139073015996e-16
1.852376618592815081e-16
1.852561098112614412e-16
1.852745577632413743e-16
1.852930057152212827e-16
1.844597741006581239e-16
1.836265424860949651e-16
1.827933108715318309e-16
1.819600792569686720e-16
1.811268476424055132e-16
1.802936160278423543e-16
1.794603844132791955e-16
1.786271527987160613e-16
1.777939211841529024e-16
1.769606895695897436e-16
1.767203559667829853e-16
1.764800223639762024e-16
1.762396887611694441e-16
1.759993551583626612e-16
1.757590215555559029e-16
1.755186879527491447e-16
1.752783543499423618e-16
1.750380207471356035e-16
1.747976871443288206e-16
1.745573535415220623e-16
1.747428172923583903e-16
1.749282810431947183e-16
1.751137447940310464e-16
1.752992085448673744e-16
1.754846722957037024e-16
1.756701360465400304e-16
1.758555997973763584e-16
1.760410635482126865e-16
1.762265272990490145e-16
1.764119910498853425e-16
1.765794437260565465e-16
1.767468964022277504e-16
1.769143490783989543e-16
1.770818017545701583e-16
1.772492544307413622e-16
1.774167071069125415e-16
1.775841597830837454e-16
1.777516124592549494e-16
1.779190651354261533e-16
1.780865178115973572e-16
1.778616372733681958e-16
1.776367567351390344e-16
1.774118761969098730e-16
1.771869956586807116e-16
1.769621151204515502e-16
1.767372345822223888e-16
1.765123540439932274e-16
1.762874735057640660e-16
1.760625929675349046e-16
1.758377124293057431e-16
1.760113723372358074e-16
1.761850322451658716e-16
1.763586921530959359e-16
1.765323520610260001e-16
1.767060119689560397e-16
1.768796718768861040e-16
1.770533317848161682e-16
1.772269916927462325e-16
1.774006516006762967e-16
1.775743115086063610e-16
1.772677271048794757e-16
1.769611427011526150e-16
1.766545582974257296e-16
1.763479738936988690e-16
1.760413894899719836e-16
1.757348050862450983e-16
1.754282206825182376e-16
1.751216362787913523e-16
1.748150518750644916e-16
1.745084674713376063e-16
1.746958427957152762e-16
1.748832181200929462e-16
1.750705934444705915e-16
1.752579687688482614e-16
1.754453440932259314e-16
1.756327194176036014e-16
1.758200947419812713e-16
1.760074700663589166e-16
1.761948453907365866e-16
1.763822207151142565e-16
1.764108417379455371e-16
1.764394627607768178e-16
1.764680837836080738e-16
1.764967048064393544e-16
1.765253258292706350e-16
1.765539468521019156e-16
1.765825678749331963e-16
1.766111888977644523e-16
1.766398099205957329e-16
1.766684309434270135e-16
1.775621600721280430e-16
1.784558892008290725e-16
1.793496183295301019e-16
1.802433474582311314e-16
1.811370765869321609e-16
1.820308057156331904e-16
1.829245348443342199e-16
1.838182639730352493e-16
1.847119931017362788e-16
1.856057222304373083e-16
1.859777796260743567e-16
1.863498370217114051e-16
1.867218944173484782e-16
1.870939518129855266e-16
1.874660092086225750e-16
1.878380666042596235e-16
1.882101239998966719e-16
1.885821813955337450e-16
1.889542387911707934e-16
1.893262961868078418e-16
1.885547289130134357e-16
1.877831616392190543e-16
1.870115943654246482e-16
1.862400270916302667e-16
1.854684598178358606e-16
1.846968925440414545e-16
1.839253252702470731e-16
1.831537579964526670e-16
1.823821907226582855e-16
1.816106234488638795e-16
1.813115103179498268e-16
1.810123971870357742e-16
1.807132840561217216e-16
1.804141709252076690e-16
1.801150577942935918e-16
1.798159446633795391e-16
1.795168315324654865e-16
1.792177184015514339e-16
1.789186052706373813e-16
1.786194921397233287e-16
1.781938909084391106e-16
1.777682896771548926e-16
1.773426884458706745e-16
1.769170872145864565e-16
1.764914859833022138e-16
1.760658847520179957e-16
1.756402835207337777e-16
1.752146822894495596e-16
1.747890810581653416e-16
1.743634798268811235e-16
1.743917458185312370e-16
1.744200118101813259e-16
1.744482778018314394e-16
1.744765437934815282e-16
1.745048097851316417e-16
1.745330757767817552e-16
1.745613417684318441e-16
1.745896077600819576e-16
1.746178737517320464e-16
1.746461397433821599e-16
1.751061583658944803e-16
1.755661769884068007e-16
1.760261956109190965e-16
1.764862142334314169e-16
1.769462328559437373e-16
1.774062514784560577e-16
1.778662701009683781e-16
1.783262887234806739e-16
1.787863073459929943e-16
1.792463259685053147e-16
1.789698544608356630e-16
1.786933829531660113e-16
1.784169114454963843e-16
1.781404399378267326e-16
1.778639684301570809e-16
1.775874969224874292e-16
1.773110254148177775e-16
1.770345539071481505e-16
1.767580823994784988e-16
1.764816108918088471e-16
1.762941786449223352e-16
1.761067463980357986e-16
1.759193141511492867e-16
1.757318819042627501e-16
1.755444496573762382e-16
1.753570174104897263e-16
1.751695851636031898e-16
1.749821529167166779e-16
1.747947206698301413e-16
1.746072884229436294e-16
1.746877651895657089e-16
1.747682419561877884e-16
1.748487187228098680e-16
1.749291954894319475e-16
1.750096722560540270e-16
1.750901490226761066e-16
1.751706257892981861e-16
1.752511025559202656e-16
1.753315793225423451e-16
1.754120560891644247e-16
1.753068979731306179e-16
1.752017398570968357e-16
1.750965817410630289e-16
1.749914236250292221e-16
1.748862655089954399e-16
1.747811073929616331e-16
1.746759492769278263e-16
1.745707911608940195e-16
1.744656330448602373e-16
1.743604749288264305e-16
1.743441405106650473e-16
1.743278060925036888e-16
1.743114716743423057e-16
1.742951372561809472e-16
1.742788028380195640e-16
1.742624684198581809e-16
1.742461340016968224e-16
1.742297995835354392e-16
1.742134651653740807e-16
1.741971307472126975e-16
1.751048222936047204e-16
1.760125138399967432e-16
1.769202053863887661e-16
1.778278969327807889e-16
1.787355884791727871e-16
1.796432800255648100e-16
1.805509715719568328e-16
1.814586631183488557e-16
1.823663546647408785e-16
1.832740462111329014e-16
1.829972765213587964e-16
1.827205068315847161e-16
1.824437371418106112e-16
1.821669674520365062e-16
1.818901977622624259e-16
1.816134280724883209e-16
1.813366583827142160e-16
1.810598886929401110e-16
1.807831190031660307e-16
1.805063493133919257e-16
1.797069195715391753e-16
1.789074898296864496e-16
1.781080600878336992e-16
1.773086303459809735e-16
1.765092006041282231e-16
1.757097708622754728e-16
1.749103411204227470e-16
1.741109113785699967e-16
1.733114816367172709e-16
1.725120518948645206e-16
1.725583191039348397e-16
1.726045863130051588e-16
1.726508535220754779e-16
1.726971207311457970e-16
1.727433879402161408e-16
1.727896551492864599e-16
1.728359223583567790e-16
1.728821895674270981e-16
1.729284567764974172e-16
1.729747239855677363e-16
1.859448061855529409e-16
1.989148883855381456e-16
2.118849705855233749e-16
2.248550527855085549e-16
2.378251349854937842e-16
2.507952171854790134e-16
2.637652993854641934e-16
2.767353815854494227e-16
2.897054637854346027e-16
3.026755459854198320e-16
3.418283732066790742e-16
3.809812004279382672e-16
4.201340276491975094e-16
4.592868548704567023e-16
4.984396820917158953e-16
5.375925093129751868e-16
5.767453365342343797e-16
6.158981637554935727e-16
6.550509909767528642e-16
6.942038181980120572e-16
6.546161384771443334e-16
6.150284587562765110e-16
5.754407790354087873e-16
5.358530993145409649e-16
4.962654195936732411e-16
4.566777398728054187e-16
4.170900601519376950e-16
3.775023804310699219e-16
3.379147007102021488e-16
2.983270209893343758e-16
2.851128459142336743e-16
2.718986708391329729e-16
2.586844957640322715e-16
2.454703206889315700e-16
2.322561456138308686e-16
2.190419705387301672e-16
2.058277954636294657e-16
1.926136203885287643e-16
1.793994453134280629e-16
1.661852702383273614e-16
1.664689732812766573e-16
1.667526763242259778e-16
1.670363793671752736e-16
1.673200824101245941e-16
1.676037854530738899e-16
1.678874884960231857e-16
1.681711915389725062e-16
1.684548945819218020e-16
1.687385976248711225e-16
1.690223006678204183e-16
1.692873474628848537e-16
1.695523942579492644e-16
1.698174410530136751e-16
1.700824878480781105e-16
1.703475346431425458e-16
1.706125814382069566e-16
1.708776282332713673e-16
1.711426750283358026e-16
1.714077218234002380e-16
1.716727686184646487e-16
1.719879036733260164e-16
1.723030387281873594e-16
1.726181737830487025e-16
1.729333088379100702e-16
1.732484438927714378e-16
1.735635789476327809e-16
1.738787140024941239e-16
1.741938490573554916e-16
1.745089841122168593e-16
1.748241191670782023e-16
1.750692276198816328e-16
1.753143360726850632e-16
1.755594445254884937e-16
1.758045529782919241e-16
1.760496614310953546e-16
1.762947698838987850e-16
1.765398783367022155e-16
1.767849867895056459e-16
1.770300952423090764e-16
1.772752036951125068e-16
1.768607584381285890e-16
1.764463131811446958e-16
1.760318679241607779e-16
1.756174226671768601e-16
1.752029774101929422e-16
1.747885321532090490e-16
1.743740868962251312e-16
1.739596416392412133e-16
1.735451963822573201e-16
1.731307511252734023e-16
1.723972945678727639e-16
1.716638380104721256e-16
1.709303814530715119e-16
1.701969248956708735e-16
1.694634683382702351e-16
1.687300117808695968e-16
1.679965552234689584e-16
1.672630986660683447e-16
1.665296421086677064e-16
1.657961855512670680e-16
1.659809140211822221e-16
1.661656424910973762e-16
1.663503709610125550e-16
1.665350994309277090e-16
1.667198279008428631e-16
1.669045563707580172e-16
1.670892848406731713e-16
1.672740133105883501e-16
1.674587417805035042e-16
1.676434702504186582e-16
1.678238410369966665e-16
1.680042118235746747e-16
1.681845826101526829e-16
1.683649533967306912e-16
1.685453241833087241e-16
1.687256949698867323e-16
1.689060657564647405e-16
1.690864365430427488e-16
1.692668073296207570e-16
1.694471781161987652e-16
1.688379624329046883e-16
1.682287467496106114e-16
1.676195310663165345e-16
1.670103153830224576e-16
1.664010996997283807e-16
1.657918840164343284e-16
1.651826683331402515e-16
1.645734526498461746e-16
1.639642369665520977e-16
1.633550212832580208e-16
1.639604923140032050e-16
1.645659633447484139e-16
1.651714343754935981e-16
1.657769054062387823e-16
1.663823764369839665e-16
1.669878474677291753e-16
1.675933184984743596e-16
1.681987895292195438e-16
1.688042605599647526e-16
1.694097315907099368e-16
1.701936680969599300e-16
1.709776046032098986e-16
1.717615411094598918e-16
1.725454776157098850e-16
1.733294141219598536e-16
1.741133506282098468e-16
1.748972871344598400e-16
1.756812236407098332e-16
1.764651601469598018e-16
1.772490966532097950e-16
1.770396900613032142e-16
1.768302834693966581e-16
1.766208768774900773e-16
1.764114702855835212e-16
1.762020636936769404e-16
1.759926571017703596e-16
1.757832505098638035e-16
1.755738439179572227e-16
1.753644373260506666e-16
1.751550307341440859e-16
1.741505477712281580e-16
1.731460648083122055e-16
1.721415818453962530e-16
1.711370988824803251e-16
1.701326159195643972e-16
1.691281329566484447e-16
1.681236499937324922e-16
1.671191670308165643e-16
1.661146840679006365e-16
1.651102011049846840e-16
1.659861369895233667e-16
1.668620728740620741e-16
1.677380087586007569e-16
1.686139446431394643e-16
1.694898805276781471e-16
1.703658164122168298e-16
1.712417522967555373e-16
1.721176881812942200e-16
1.729936240658329274e-16
1.738695599503716102e-16
1.754766475932528557e-16
1.770837352361341012e-16
1.786908228790153221e-16
1.802979105218965676e-16
1.819049981647778131e-16
1.835120858076590586e-16
1.851191734505403041e-16
1.867262610934215250e-16
1.883333487363027705e-16
1.899404363791840160e-16
1.884680418061010525e-16
1.869956472330180890e-16
1.855232526599351255e-16
1.840508580868521620e-16
1.825784635137691985e-16
1.811060689406862351e-16
1.796336743676032716e-16
1.781612797945203081e-16
1.766888852214373446e-16
1.752164906483543811e-16
1.752395928845778887e-16
1.752626951208014209e-16
1.752857973570249285e-16
1.753088995932484361e-16
1.753320018294719437e-16
1.753551040656954760e-16
1.753782063019189836e-16
1.754013085381424912e-16
1.754244107743660234e-16
1.754475130105895310e-16
1.765218180066577739e-16
1.775961230027260415e-16
1.786704279987943091e-16
1.797447329948625520e-16
1.808190379909307949e-16
1.818933429869990624e-16
1.829676479830673300e-16
1.840419529791355729e-16
1.851162579752038158e-16
1.861905629712720834e-16
1.846598423607285850e-16
1.831291217501851113e-16
1.815984011396416129e-16
1.800676805290981145e-16
1.785369599185546408e-16
1.770062393080111424e-16
1.754755186974676440e-16
1.739447980869241456e-16
1.724140774763806719e-16
1.708833568658371735e-16
1.713718188853797774e-16
1.718602809049223814e-16
1.723487429244650100e-16
1.728372049440076139e-16
1.733256669635502178e-16
1.738141289830928218e-16
1.743025910026354257e-16
1.747910530221780543e-16
1.752795150417206582e-16
1.757679770612632622e-16
1.751451164342529972e-16
1.745222558072427568e-16
1.738993951802324918e-16
1.732765345532222514e-16
1.726536739262119864e-16
1.720308132992017214e-16
1.714079526721914811e-16
1.707850920451812161e-16
1.701622314181709757e-16
1.695393707911607107e-16
1.696182783196920769e-16
1.696971858482234431e-16
1.697760933767547847e-16
1.698550009052861509e-16
1.699339084338175171e-16
1.700128159623488833e-16
1.700917234908802495e-16
1.701706310194115910e-16
1.702495385479429572e-16
1.703284460764743234e-16
1.710664440983989262e-16
1.718044421203235537e-16
1.725424401422481811e-16
1.732804381641727839e-16
1.740184361860973867e-16
1.747564342080220142e-16
1.754944322299466417e-16
1.762324302518712445e-16
1.769704282737958473e-16
1.777084262957204747e-16
1.776623184980674469e-16
1.776162107004143944e-16
1.775701029027613665e-16
1.775239951051083140e-16
1.774778873074552862e-16
1.774317795098022583e-16
1.773856717121492058e-16
1.773395639144961780e-16
1.772934561168431255e-16
1.772473483191900976e-16
1.766989702901468421e-16
1.761505922611035866e-16
1.756022142320603311e-16
1.750538362030170756e-16
1.745054581739737955e-16
1.739570801449305400e-16
1.734087021158872845e-16
1.728603240868440290e-16
1.723119460578007735e-16
1.717635680287575180e-16
1.720567539399298711e-16
1.723499398511022242e-16
1.726431257622745526e-16
1.729363116734469057e-16
1.732294975846192588e-16
1.735226834957916119e-16
1.738158694069639650e-16
1.741090553181362934e-16
1.744022412293086465e-16
1.746954271404809996e-16
1.737386575758474073e-16
1.727818880112138150e-16
1.718251184465802227e-16
1.708683488819466304e-16
1.699115793173130381e-16
1.689548097526794459e-16
1.679980401880458536e-16
1.670412706234122613e-16
1.660845010587786690e-16
1.651277314941450767e-16
1.644036625561843011e-16
1.636795936182235502e-16
1.629555246802627746e-16
1.622314557423019990e-16
1.615073868043412481e-16
1.607833178663804725e-16
1.600592489284196970e-16
1.593351799904589214e-16
1.586111110524981705e-16
1.578870421145373949e-16
1.582520988314917963e-16
1.586171555484461977e-16
1.589822122654005990e-16
1.593472689823550004e-16
1.597123256993094018e-16
1.600773824162638031e-16
1.604424391332182045e-16
1.608074958501726059e-16
1.611725525671270073e-16
1.615376092840814086e-16
1.616404353813909962e-16
1.617432614787005838e-16
1.618460875760101960e-16
1.619489136733197836e-16
1.620517397706293711e-16
1.621545658679389587e-16
1.622573919652485462e-16
1.623602180625581585e-16
1.624630441598677460e-16
1.625658702571773336e-16
1.627454464008529720e-16
1.629250225445286103e-16
1.631045986882042487e-16
1.632841748318798871e-16
1.634637509755555008e-16
1.636433271192311392e-16
1.638229032629067776e-16
1.640024794065824160e-16
1.641820555502580543e-16
1.643616316939336927e-16
1.645206772155091577e-16
1.646797227370846473e-16
1.648387682586601123e-16
1.649978137802355773e-16
1.651568593018110423e-16
1.653159048233865319e-16
1.654749503449619969e-16
1.656339958665374619e-16
1.657930413881129515e-16
1.659520869096884165e-16
1.656783680946371482e-16
1.654046492795858552e-16
1.651309304645345869e-16
1.648572116494833186e-16
1.645834928344320256e-16
1.643097740193807573e-16
1.640360552043294890e-16
1.637623363892782207e-16
1.634886175742269277e-16
1.632148987591756594e-16
1.632825331125368607e-16
1.633501674658980866e-16
1.634178018192592879e-16
1.634854361726205139e-16
1.635530705259817152e-16
1.636207048793429165e-16
1.636883392327041425e-16
1.637559735860653438e-16
1.638236079394265697e-16
1.638912422927877710e-16
1.641240235604505126e-16
1.643568048281132295e-16
1.645895860957759711e-16
1.648223673634386881e-16
1.650551486311014297e-16
1.652879298987641712e-16
1.655207111664268882e-16
1.657534924340896298e-16
1.659862737017523467e-16
1.662190549694150883e-16
1.665151241801390623e-16
1.668111933908630116e-16
1.671072626015869856e-16
1.674033318123109596e-16
1.676994010230349335e-16
1.679954702337588829e-16
1.682915394444828569e-16
1.685876086552068308e-16
1.688836778659307802e-16
1.691797470766547541e-16
1.687429726340846739e-16
1.683061981915145937e-16
1.678694237489445135e-16
1.674326493063744333e-16
1.669958748638043531e-16
1.665591004212342482e-16
1.661223259786641680e-16
1.656855515360940877e-16
1.652487770935240075e-16
1.648120026509539273e-16
1.641362869964034192e-16
1.634605713418529358e-16
1.627848556873024277e-16
1.621091400327519442e-16
1.614334243782014361e-16
1.607577087236509280e-16
1.600819930691004446e-16
1.594062774145499365e-16
1.587305617599994530e-16
1.580548461054489449e-16
1.585981323408640456e-16
1.591414185762791463e-16
1.596847048116942223e-16
1.602279910471093229e-16
1.607712772825244236e-16
1.613145635179395243e-16
1.618578497533546249e-16
1.624011359887697010e-16
1.629444222241848016e-16
1.634877084595999023e-16
1.634520645684199638e-16
1.634164206772400253e-16
1.633807767860600867e-16
1.633451328948801482e-16
1.633094890037002097e-16
1.632738451125202959e-16
1.632382012213403573e-16
1.632025573301604188e-16
1.631669134389804803e-16
1.631312695478005418e-16
1.628157459593226071e-16
1.625002223708446724e-16
1.621846987823667624e-16
1.618691751938888277e-16
1.615536516054108930e-16
1.612381280169329583e-16
1.609226044284550237e-16
1.606070808399771136e-16
1.602915572514991789e-16
1.599760336630212442e-16
1.605798455934603711e-16
1.611836575238994732e-16
1.617874694543385754e-16
1.623912813847777022e-16
1.629950933152168290e-16
1.635989052456559312e-16
1.642027171760950333e-16
1.648065291065341601e-16
1.654103410369732869e-16
1.660141529674123891e-16
1.661556306390839478e-16
1.662971083107555065e-16
1.664385859824270405e-16
1.665800636540985992e-16
1.667215413257701579e-16
1.668630189974417166e-16
1.670044966691132753e-16
1.671459743407848094e-16
1.672874520124563681e-16
1.674289296841279268e-16
1.675221494447105940e-16
1.676153692052932366e-16
1.677085889658759039e-16
1.678018087264585712e-16
1.678950284870412384e-16
1.679882482476238811e-16
1.680814680082065483e-16
1.681746877687892156e-16
1.682679075293718582e-16
1.683611272899545255e-16
1.678768269000659644e-16
1.673925265101774033e-16
1.669082261202888422e-16
1.664239257304002811e-16
1.659396253405117200e-16
1.654553249506231342e-16
1.649710245607345731e-16
1.644867241708460120e-16
1.640024237809574509e-16
1.635181233910688898e-16
1.644147517718520493e-16
1.653113801526351841e-16
1.662080085334183435e-16
1.671046369142014783e-16
1.680012652949846377e-16
1.688978936757677972e-16
1.697945220565509320e-16
1.706911504373340914e-16
1.715877788181172262e-16
1.724844071989003857e-16
1.720876082962389375e-16
1.716908093935774894e-16
1.712940104909160413e-16
1.708972115882545931e-16
1.705004126855931450e-16
1.701036137829316969e-16
1.697068148802702487e-16
1.693100159776088006e-16
1.689132170749473525e-16
1.685164181722859043e-16
1.677260787327219562e-16
1.669357392931580081e-16
1.661453998535940600e-16
1.653550604140301119e-16
1.645647209744661638e-16
1.637743815349021910e-16
1.629840420953382429e-16
1.621937026557742948e-16
1.614033632162103467e-16
1.606130237766463986e-16
1.611805702239014135e-16
1.617481166711564037e-16
1.623156631184114186e-16
1.628832095656664088e-16
1.634507560129214237e-16
1.640183024601764386e-16
1.645858489074314288e-16
1.651533953546864437e-16
1.657209418019414339e-16
1.662884882491964488e-16
1.677242612762796821e-16
1.691600343033629153e-16
1.705958073304461486e-16
1.720315803575293818e-16
1.734673533846126151e-16
1.749031264116958730e-16
1.763388994387791062e-16
1.777746724658623395e-16
1.792104454929455727e-16
1.806462185200288060e-16
1.862886171663118058e-16
1.919310158125948303e-16
1.975734144588778301e-16
2.032158131051608299e-16
2.088582117514438544e-16
2.145006103977268542e-16
2.201430090440098540e-16
2.257854076902928784e-16
2.314278063365758536e-16
2.370702049828588781e-16
2.346850207502990005e-16
2.322998365177390736e-16
2.299146522851791961e-16
2.275294680526193185e-16
2.251442838200594409e-16
2.227590995874995634e-16
2.203739153549396365e-16
2.179887311223797590e-16
2.156035468898198814e-16
2.132183626572599792e-16
2.088477010341162338e-16
2.044770394109725130e-16
2.001063777878287676e-16
1.957357161646850468e-16
1.913650545415413014e-16
1.869943929183975806e-16
1.826237312952538352e-16
1.782530696721100898e-16
1.738824080489663690e-16
1.695117464258226236e-16
1.691838214221545177e-16
1.688558964184863872e-16
1.685279714148182813e-16
1.682000464111501754e-16
1.678721214074820449e-16
1.675441964038139390e-16
1.672162714001458331e-16
1.668883463964777273e-16
1.665604213928095967e-16
1.662324963891414908e-16
1.657731203383459527e-16
1.653137442875504146e-16
1.648543682367548518e-16
1.643949921859593137e-16
1.639356161351637756e-16
1.634762400843682374e-16
1.630168640335726993e-16
1.625574879827771365e-16
1.620981119319815984e-16
1.616387358811860603e-16
1.622882488863755765e-16
1.629377618915650926e-16
1.635872748967546088e-16
1.642367879019441250e-16
1.648863009071336411e-16
1.655358139123231573e-16
1.661853269175126735e-16
1.668348399227021897e-16
1.674843529278917058e-16
1.681338659330812220e-16
1.678716724542079792e-16
1.676094789753347365e-16
1.673472854964614691e-16
1.670850920175882264e-16
1.668228985387149836e-16
1.665607050598417409e-16
1.662985115809684981e-16
1.660363181020952307e-16
1.657741246232219880e-16
1.655119311443487452e-16
1.658115643145218709e-16
1.661111974846949966e-16
1.664108306548681223e-16
1.667104638250412481e-16
1.670100969952143738e-16
1.673097301653874748e-16
1.676093633355606005e-16
1.679089965057337262e-16
1.682086296759068519e-16
1.685082628460799776e-16
1.685551461593160094e-16
1.686020294725520411e-16
1.686489127857880729e-16
1.686957960990241046e-16
1.687426794122601364e-16
1.687895627254961682e-16
1.688364460387321999e-16
1.688833293519682317e-16
1.689302126652042634e-16
1.689770959784402952e-16
1.687219475601368170e-16
1.684667991418333388e-16
1.682116507235298852e-16
1.679565023052264070e-16
1.677013538869229288e-16
1.674462054686194506e-16
1.671910570503159724e-16
1.669359086320125189e-16
1.666807602137090407e-16
1.664256117954055624e-16
1.661411775511967856e-16
1.658567433069880088e-16
1.655723090627792319e-16
1.652878748185704551e-16
1.650034405743616782e-16
1.647190063301529014e-16
1.644345720859441245e-16
1.641501378417353477e-16
1.638657035975265708e-16
1.635812693533177940e-16
1.638207509148446597e-16
1.640602324763715255e-16
1.642997140378983912e-16
1.645391955994252569e-16
1.647786771609521227e-16
1.650181587224789884e-16
1.652576402840058541e-16
1.654971218455327199e-16
1.657366034070595856e-16
1.659760849685864514e-16
1.667982186058378576e-16
1.676203522430892391e-16
1.684424858803406453e-16
1.692646195175920515e-16
1.700867531548434578e-16
1.709088867920948393e-16
1.717310204293462455e-16
1.725531540665976517e-16
1.733752877038490333e-16
1.741974213411004395e-16
1.738683338187498022e-16
1.735392462963991895e-16
1.732101587740485522e-16
1.728810712516979395e-16
1.725519837293473022e-16
1.722228962069966649e-16
1.718938086846460523e-16
1.715647211622954149e-16
1.712356336399448023e-16
1.709065461175941650e-16
1.715544291262023801e-16
1.722023121348105952e-16
1.728501951434188349e-16
1.734980781520270501e-16
1.741459611606352652e-16
1.747938441692434803e-16
1.754417271778516954e-16
1.760896101864599351e-16
1.767374931950681503e-16
1.773853762036763654e-16
1.775248469768432133e-16
1.776643177500100612e-16
1.778037885231769091e-16
1.779432592963437570e-16
1.780827300695106050e-16
1.782222008426774775e-16
1.783616716158443255e-16
1.785011423890111734e-16
1.786406131621780213e-16
1.787800839353448692e-16
1.799279058132028400e-16
1.810757276910608107e-16
1.822235495689187567e-16
1.833713714467767275e-16
1.845191933246346982e-16
1.856670152024926689e-16
1.868148370803506396e-16
1.879626589582085857e-16
1.891104808360665564e-16
1.902583027139245271e-16
1.944410435165646143e-16
1.986237843192046768e-16
2.028065251218447640e-16
2.069892659244848511e-16
2.111720067271249383e-16
2.153547475297650008e-16
2.195374883324050879e-16
2.237202291350451505e-16
2.279029699376852376e-16
2.320857107403253248e-16
2.291830072258127649e-16
2.262803037113002544e-16
2.233776001967876945e-16
2.204748966822751346e-16
2.175721931677625994e-16
2.146694896532500642e-16
2.117667861387375044e-16
2.088640826242249692e-16
2.059613791097124093e-16
2.030586755951998741e-16
2.019753702132515120e-16
2.008920648313031499e-16
1.998087594493547632e-16
1.987254540674064011e-16
1.976421486854580390e-16
1.965588433035096769e-16
1.954755379215613149e-16
1.943922325396129281e-16
1.933089271576645660e-16
1.922256217757162040e-16
1.916516942538554530e-16
1.910777667319946773e-16
1.905038392101339263e-16
1.899299116882731507e-16
1.893559841664123997e-16
1.887820566445516487e-16
1.882081291226908730e-16
1.876342016008301221e-16
1.870602740789693464e-16
1.864863465571085954e-16
1.865378596882170112e-16
1.865893728193254516e-16
1.866408859504338674e-16
1.866923990815422832e-16
1.867439122126506990e-16
1.867954253437591394e-16
1.868469384748675552e-16
1.868984516059759710e-16
1.869499647370844115e-16
1.870014778681928272e-16
1.858921340249837077e-16
1.847827901817745881e-16
1.836734463385654931e-16
1.825641024953563736e-16
1.814547586521472540e-16
1.803454148089381344e-16
1.792360709657290148e-16
1.781267271225199199e-16
1.770173832793108003e-16
1.759080394361016807e-16
1.745204266201429992e-16
1.731328138041843176e-16
1.717452009882256115e-16
1.703575881722669299e-16
1.689699753563082484e-16
1.675823625403495669e-16
1.661947497243908854e-16
1.648071369084321792e-16
1.634195240924734977e-16
1.620319112765148162e-16
1.623323637903322497e-16
1.626328163041497079e-16
1.629332688179671414e-16
1.632337213317845749e-16
1.635341738456020085e-16
1.638346263594194666e-16
1.641350788732369002e-16
1.644355313870543337e-16
1.647359839008717919e-16
1.650364364146892254e-16
1.652674433547497120e-16
1.654984502948101740e-16
1.657294572348706607e-16
1.659604641749311227e-16
1.661914711149916093e-16
1.664224780550520959e-16
1.666534849951125579e-16
1.668844919351730446e-16
1.671154988752335065e-16
1.673465058152939932e-16
1.700340062435224831e-16
1.727215066717509729e-16
1.754090070999794628e-16
1.780965075282079527e-16
1.807840079564364426e-16
1.834715083846649325e-16
1.861590088128934224e-16
1.888465092411219122e-16
1.915340096693504021e-16
1.942215100975788920e-16
2.018010600249260343e-16
2.093806099522731766e-16
2.169601598796202943e-16
2.245397098069674612e-16
2.321192597343145542e-16
2.396988096616616966e-16
2.472783595890088389e-16
2.548579095163559812e-16
2.624374594437031235e-16
2.700170093710502658e-16
2.619100176443377780e-16
2.538030259176253396e-16
2.456960341909128518e-16
2.375890424642003641e-16
2.294820507374878763e-16
2.213750590107754132e-16
2.132680672840629501e-16
2.051610755573504624e-16
1.970540838306379746e-16
1.889470921039255115e-16
1.863458945049530855e-16
1.837446969059806595e-16
1.811434993070082581e-16
1.785423017080358321e-16
1.759411041090634060e-16
1.733399065100909800e-16
1.707387089111185540e-16
1.681375113121461526e-16
1.655363137131737266e-16
1.629351161142013006e-16
1.625918684690615893e-16
1.622486208239218781e-16
1.619053731787821669e-16
1.615621255336424556e-16
1.612188778885027444e-16
1.608756302433630085e-16
1.605323825982232972e-16
1.601891349530835860e-16
1.598458873079438747e-16
1.595026396628041635e-16
1.601179592256764691e-16
1.607332787885487748e-16
1.613485983514210558e-16
1.619639179142933614e-16
1.625792374771656671e-16
1.631945570400379727e-16
1.638098766029102784e-16
1.644251961657825594e-16
1.650405157286548650e-16
1.656558352915271707e-16
1.670552329248890796e-16
1.684546305582509885e-16
1.698540281916129220e-16
1.712534258249748309e-16
1.726528234583367398e-16
1.740522210916986487e-16
1.754516187250605576e-16
1.768510163584224911e-16
1.782504139917844000e-16
1.796498116251463089e-16
1.793754422317170344e-16
1.791010728382877599e-16
1.788267034448584855e-16
1.785523340514292110e-16
1.782779646579999365e-16
1.780035952645706374e-16
1.777292258711413629e-16
1.774548564777120885e-16
1.771804870842828140e-16
1.769061176908535395e-16
1.763668308211043357e-16
1.758275439513551318e-16
1.752882570816059279e-16
1.747489702118567241e-16
1.742096833421075202e-16
1.736703964723583410e-16
1.731311096026091371e-16
1.725918227328599332e-16
1.720525358631107294e-16
1.715132489933615255e-16
1.707910780644926810e-16
1.700689071356238118e-16
1.693467362067549672e-16
1.686245652778861227e-16
1.679023943490172781e-16
1.671802234201484089e-16
1.664580524912795644e-16
1.657358815624107198e-16
1.650137106335418506e-16
1.642915397046730061e-16
1.667467872209910990e-16
1.692020347373091920e-16
1.716572822536272850e-16
1.741125297699453779e-16
1.765677772862634955e-16
1.790230248025815885e-16
1.814782723188996814e-16
1.839335198352177744e-16
1.863887673515358674e-16
1.888440148678539603e-16
1.896333256391537963e-16
1.904226364104536569e-16
1.912119471817534928e-16
1.920012579530533534e-16
1.927905687243531894e-16
1.935798794956530253e-16
1.943691902669528859e-16
1.951585010382527219e-16
1.959478118095525825e-16
1.967371225808524185e-16
1.940490297164314933e-16
1.913609368520105681e-16
1.886728439875896430e-16
1.859847511231687178e-16
1.832966582587477927e-16
1.806085653943268675e-16
1.779204725299059424e-16
1.752323796654850172e-16
1.725442868010640921e-16
1.698561939366431669e-16
1.700492894236875356e-16
1.702423849107319043e-16
1.704354803977762729e-16
1.706285758848206416e-16
1.708216713718649857e-16
1.710147668589093543e-16
1.712078623459537230e-16
1.714009578329980917e-16
1.715940533200424604e-16
1.717871488070868290e-16
1.718798637641723735e-16
1.719725787212579180e-16
1.720652936783434625e-16
1.721580086354290070e-16
1.722507235925145268e-16
1.723434385496000713e-16
1.724361535066856158e-16
1.725288684637711603e-16
1.726215834208567048e-16
1.727142983779422493e-16
1.727049211543507408e-16
1.726955439307592324e-16
1.726861667071677239e-16
1.726767894835762155e-16
1.726674122599847070e-16
1.726580350363931739e-16
1.726486578128016655e-16
1.726392805892101570e-16
1.726299033656186486e-16
1.726205261420271401e-16
1.726044107286072695e-16
1.725882953151873990e-16
1.725721799017675037e-16
1.725560644883476332e-16
1.725399490749277626e-16
1.725238336615078920e-16
1.725077182480880214e-16
1.724916028346681262e-16
1.724754874212482556e-16
1.724593720078283850e-16
1.720074213570592760e-16
1.715554707062901422e-16
1.711035200555210332e-16
1.706515694047518995e-16
1.701996187539827904e-16
1.697476681032136813e-16
1.692957174524445476e-16
1.688437668016754385e-16
1.683918161509063048e-16
1.679398655001371957e-16
1.675861182647683404e-16
1.672323710293994603e-16
1.668786237940306050e-16
1.665248765586617250e-16
1.661711293232928696e-16
1.658173820879240142e-16
1.654636348525551342e-16
1.651098876171862788e-16
1.647561403818173988e-16
1.644023931464485434e-16
1.653533246185279512e-16
1.663042560906073343e-16
1.672551875626867420e-16
1.682061190347661498e-16
1.691570505068455575e-16
1.701079819789249406e-16
1.710589134510043484e-16
1.720098449230837561e-16
1.729607763951631392e-16
1.739117078672425470e-16
1.808049754634229120e-16
1.876982430596032770e-16
1.945915106557836173e-16
2.014847782519639823e-16
2.083780458481443474e-16
2.152713134443247124e-16
2.221645810405050774e-16
2.290578486366854177e-16
2.359511162328658074e-16
2.428443838290461477e-16
2.386075245148416665e-16
2.343706652006371360e-16
2.301338058864326548e-16
2.258969465722281243e-16
2.216600872580236431e-16
2.174232279438191372e-16
2.131863686296146313e-16
2.089495093154101501e-16
2.047126500012056443e-16
2.004757906870011384e-16
1.964930650419909963e-16
1.925103393969808542e-16
1.885276137519706874e-16
1.845448881069605453e-16
1.805621624619504032e-16
1.765794368169402610e-16
1.725967111719301189e-16
1.686139855269199522e-16
1.646312598819098100e-16
1.606485342368996679e-16
1.613104248499625258e-16
1.619723154630253836e-16
1.626342060760882168e-16
1.632960966891510747e-16
1.639579873022139326e-16
1.646198779152767904e-16
1.652817685283396483e-16
1.659436591414024815e-16
1.666055497544653393e-16
1.672674403675281972e-16
1.669302566213291403e-16
1.665930728751300587e-16
1.662558891289309771e-16
1.659187053827319201e-16
1.655815216365328632e-16
1.652443378903337816e-16
1.649071541441347000e-16
1.645699703979356430e-16
1.642327866517365861e-16
1.638956029055375045e-16
1.639285555689122826e-16
1.639615082322870607e-16
1.639944608956618388e-16
1.640274135590366169e-16
1.640603662224113950e-16
1.640933188857861731e-16
1.641262715491609512e-16
1.641592242125357293e-16
1.641921768759105074e-16
1.642251295392852855e-16
1.645060123372050311e-16
1.647868951351247767e-16
1.650677779330445224e-16
1.653486607309642680e-16
1.656295435288840136e-16
1.659104263268037592e-16
1.661913091247235048e-16
1.664721919226432505e-16
1.667530747205629961e-16
1.670339575184827417e-16
1.671965992302492315e-16
1.673592409420157213e-16
1.675218826537821865e-16
1.676845243655486763e-16
1.678471660773151661e-16
1.680098077890816560e-16
1.681724495008481458e-16
1.683350912126146109e-16
1.684977329243811008e-16
1.686603746361475906e-16
1.686322354622519877e-16
1.686040962883563848e-16
1.685759571144607573e-16
1.685478179405651545e-16
1.685196787666695516e-16
1.684915395927739487e-16
1.684634004188783459e-16
1.684352612449827183e-16
1.684071220710871155e-16
1.683789828971915126e-16
1.675890986543858598e-16
1.667992144115802070e-16
1.660093301687745789e-16
1.652194459259689261e-16
1.644295616831632733e-16
1.636396774403576205e-16
1.628497931975519677e-16
1.620599089547463396e-16
1.612700247119406868e-16
1.604801404691350340e-16
1.603648985743972572e-16
1.602496566796594803e-16
1.601344147849217035e-16
1.600191728901839266e-16
1.599039309954461498e-16
1.597886891007083729e-16
1.596734472059705961e-16
1.595582053112328192e-16
1.594429634164950424e-16
1.593277215217572655e-16
1.590816956787468476e-16
1.588356698357364296e-16
1.585896439927259869e-16
1.583436181497155689e-16
1.580975923067051510e-16
1.578515664636947330e-16
1.576055406206843150e-16
1.573595147776738723e-16
1.571134889346634543e-16
1.568674630916530364e-16
1.570398165517569641e-16
1.572121700118608673e-16
1.573845234719647951e-16
1.575568769320687229e-16
1.577292303921726260e-16
1.579015838522765538e-16
1.580739373123804816e-16
1.582462907724844094e-16
1.584186442325883125e-16
1.585909976926922403e-16
1.586768595070057359e-16
1.587627213213192069e-16
1.588485831356326778e-16
1.589344449499461735e-16
1.590203067642596691e-16
1.591061685785731400e-16
1.591920303928866110e-16
1.592778922072001066e-16
1.593637540215136022e-16
1.594496158358270732e-16
1.588709502499271906e-16
1.582922846640273080e-16
1.577136190781274253e-16
1.571349534922275427e-16
1.565562879063276601e-16
1.559776223204278021e-16
1.553989567345279195e-16
1.548202911486280369e-16
1.542416255627281542e-16
1.536629599768282716e-16
1.534990907983855089e-16
1.533352216199427215e-16
1.531713524414999588e-16
1.530074832630571961e-16
1.528436140846144087e-16
1.526797449061716460e-16
1.525158757277288832e-16
1.523520065492861205e-16
1.521881373708433331e-16
1.520242681924005704e-16
1.526043105774299052e-16
1.531843529624592400e-16
1.537643953474885994e-16
1.543444377325179342e-16
1.549244801175472690e-16
1.555045225025766038e-16
1.560845648876059386e-16
1.566646072726352981e-16
1.572446496576646329e-16
1.578246920426939677e-16
1.574589453951196620e-16
1.570931987475453564e-16
1.567274520999710507e-16
1.563617054523967450e-16
1.559959588048224394e-16
1.556302121572481091e-16
1.552644655096738034e-16
1.548987188620994978e-16
1.545329722145251921e-16
1.541672255669508864e-16
1.547109538284902345e-16
1.552546820900296072e-16
1.557984103515689552e-16
1.563421386131083033e-16
1.568858668746476513e-16
1.574295951361870240e-16
1.579733233977263721e-16
1.585170516592657201e-16
1.590607799208050928e-16
1.596045081823444409e-16
1.593190569057218829e-16
1.590336056290993495e-16
1.587481543524767915e-16
1.584627030758542582e-16
1.581772517992317002e-16
1.578918005226091422e-16
1.576063492459866088e-16
1.573208979693640508e-16
1.570354466927415174e-16
1.567499954161189594e-16
1.571409447665547864e-16
1.575318941169906381e-16
1.579228434674264651e-16
1.583137928178622921e-16
1.587047421682981191e-16
1.590956915187339708e-16
1.594866408691697978e-16
1.598775902196056248e-16
1.602685395700414764e-16
1.606594889204773034e-16
1.539531470374095416e-16
1.472468051543417798e-16
1.405404632712740180e-16
1.338341213882062315e-16
1.271277795051384697e-16
1.204214376220707079e-16
1.137150957390029461e-16
1.070087538559351719e-16
1.003024119728674101e-16
9.359607008979964831e-17
