8.120297947322490379e-17
1.155140453645765431e-16
1.498251112559281947e-16
1.841361771472798463e-16
2.184472430386314486e-16
2.527583089299831002e-16
2.870693748213347518e-16
3.213804407126864034e-16
3.556915066040380057e-16
3.900025724953896573e-16
4.243136383867413089e-16
4.225609652611078134e-16
4.208082921354743672e-16
4.190556190098408717e-16
4.173029458842073762e-16
4.155502727585738807e-16
4.137975996329404345e-16
4.120449265073069389e-16
4.102922533816734434e-16
4.085395802560399972e-16
4.067869071304065017e-16
3.992767352681380103e-16
3.917665634058695189e-16
3.842563915436009782e-16
3.767462196813324869e-16
3.692360478190639955e-16
3.617258759567955041e-16
3.542157040945269634e-16
3.467055322322584720e-16
3.391953603699899806e-16
3.316851885077214892e-16
3.279513122715794031e-16
3.242174360354373663e-16
3.204835597992952801e-16
3.167496835631531940e-16
3.130158073270111572e-16
3.092819310908690711e-16
3.055480548547269850e-16
3.018141786185848988e-16
2.980803023824428620e-16
2.943464261463007759e-16
2.931873784879661104e-16
2.920283308296314941e-16
2.908692831712968286e-16
2.897102355129621631e-16
2.885511878546274976e-16
2.873921401962928814e-16
2.862330925379582159e-16
2.850740448796235503e-16
2.839149972212889341e-16
2.827559495629542686e-16
2.812142113157423062e-16
2.796724730685302944e-16
2.781307348213183320e-16
2.765889965741063203e-16
2.750472583268943578e-16
2.735055200796823954e-16
2.719637818324703837e-16
2.704220435852584212e-16
2.688803053380464095e-16
2.673385670908344471e-16
2.654807978832268343e-16
2.636230286756192215e-16
2.617652594680115593e-16
2.599074902604039465e-16
2.580497210527963337e-16
2.561919518451887209e-16
2.543341826375811081e-16
2.524764134299734460e-16
2.506186442223658332e-16
2.487608750147582203e-16
2.479183319356315021e-16
2.470757888565047838e-16
2.462332457773780162e-16
2.453907026982512979e-16
2.445481596191245797e-16
2.437056165399978614e-16
2.428630734608711431e-16
2.420205303817443755e-16
2.411779873026176573e-16
2.403354442234909390e-16
2.394619533241874707e-16
2.385884624248840024e-16
2.377149715255805340e-16
2.368414806262770657e-16
2.359679897269735974e-16
2.350944988276701291e-16
2.342210079283666608e-16
2.333475170290631925e-16
2.324740261297597241e-16
2.316005352304562558e-16
2.309741018772762928e-16
2.303476685240963298e-16
2.297212351709164162e-16
2.290948018177364532e-16
2.284683684645564902e-16
2.278419351113765272e-16
2.272155017581965642e-16
2.265890684050166505e-16
2.259626350518366875e-16
2.253362016986567245e-16
2.246593873850012850e-16
2.239825730713458455e-16
2.233057587576904553e-16
2.226289444440350158e-16
2.219521301303795763e-16
2.212753158167241368e-16
2.205985015030687220e-16
2.199216871894132825e-16
2.192448728757578677e-16
2.185680585621024282e-16
2.192739354025597311e-16
2.199798122430170588e-16
2.206856890834743618e-16
2.213915659239316894e-16
2.220974427643889677e-16
2.228033196048462954e-16
2.235091964453036230e-16
2.242150732857609506e-16
2.249209501262182290e-16
2.256268269666755566e-16
2.260348902100758322e-16
2.264429534534761079e-16
2.268510166968763342e-16
2.272590799402766099e-16
2.276671431836768855e-16
2.280752064270771612e-16
2.284832696704774369e-16
2.288913329138776632e-16
2.292993961572779389e-16
2.297074594006782145e-16
2.284910784543497675e-16
2.272746975080213699e-16
2.260583165616929229e-16
2.248419356153645252e-16
2.236255546690360782e-16
2.224091737227076313e-16
2.211927927763792336e-16
2.199764118300507866e-16
2.187600308837223643e-16
2.175436499373939420e-16
2.166709255024275907e-16
2.157982010674612641e-16
2.149254766324949129e-16
2.140527521975285863e-16
2.131800277625622351e-16
2.123073033275958839e-16
2.114345788926295573e-16
2.105618544576632060e-16
2.096891300226968795e-16
2.088164055877305282e-16
2.085181148846412000e-16
2.082198241815518471e-16
2.079215334784624942e-16
2.076232427753731660e-16
2.073249520722838377e-16
2.070266613691944848e-16
2.067283706661051320e-16
2.064300799630158037e-16
2.061317892599264755e-16
2.058334985568371226e-16
2.056661623580815298e-16
2.054988261593259370e-16
2.053314899605703442e-16
2.051641537618147514e-16
2.049968175630591833e-16
2.048294813643035905e-16
2.046621451655479977e-16
2.044948089667924049e-16
2.043274727680368121e-16
2.041601365692812193e-16
2.044534798488806416e-16
2.047468231284800886e-16
2.050401664080795355e-16
2.053335096876789578e-16
2.056268529672783801e-16
2.059201962468778271e-16
2.062135395264772740e-16
2.065068828060766963e-16
2.068002260856761186e-16
2.070935693652755656e-16
2.072418514879696819e-16
2.073901336106637982e-16
2.075384157333579145e-16
2.076866978560520308e-16
2.078349799787461225e-16
2.079832621014402388e-16
2.081315442241343551e-16
2.082798263468284714e-16
2.084281084695225877e-16
2.085763905922167040e-16
2.083715662185235730e-16
2.081667418448304173e-16
2.079619174711372862e-16
2.077570930974441305e-16
2.075522687237509994e-16
2.073474443500578684e-16
2.071426199763647127e-16
2.069377956026715816e-16
2.067329712289784259e-16
2.065281468552852948e-16
2.061312090339040515e-16
2.057342712125228083e-16
2.053373333911415896e-16
2.049403955697603464e-16
2.045434577483791031e-16
2.041465199269978598e-16
2.037495821056166165e-16
2.033526442842353979e-16
2.029557064628541546e-16
2.025587686414729114e-16
2.020751795636650116e-16
2.015915904858571119e-16
2.011080014080492122e-16
2.006244123302413125e-16
2.001408232524334128e-16
1.996572341746255377e-16
1.991736450968176380e-16
1.986900560190097383e-16
1.982064669412018386e-16
1.977228778633939389e-16
1.971168675421666943e-16
1.965108572209394497e-16
1.959048468997122050e-16
1.952988365784849604e-16
1.946928262572577158e-16
1.940868159360304712e-16
1.934808056148032266e-16
1.928747952935759819e-16
1.922687849723487373e-16
1.916627746511214927e-16
1.911207666083313123e-16
1.905787585655411073e-16
1.900367505227509269e-16
1.894947424799607465e-16
1.889527344371705415e-16
1.884107263943803611e-16
1.878687183515901808e-16
1.873267103088000004e-16
1.867847022660097954e-16
1.862426942232196150e-16
1.861963569894345675e-16
1.861500197556495200e-16
1.861036825218644478e-16
1.860573452880794003e-16
1.860110080542943528e-16
1.859646708205093053e-16
1.859183335867242579e-16
1.858719963529391857e-16
1.858256591191541382e-16
1.857793218853690907e-16
1.855846212977102399e-16
1.853899207100513890e-16
1.851952201223925382e-16
1.850005195347336874e-16
1.848058189470748612e-16
1.846111183594160104e-16
1.844164177717571595e-16
1.842217171840983087e-16
1.840270165964394579e-16
1.838323160087806070e-16
1.851262935117585974e-16
1.864202710147366125e-16
1.877142485177146028e-16
1.890082260206925932e-16
1.903022035236706082e-16
1.915961810266485986e-16
1.928901585296265890e-16
1.941841360326045794e-16
1.954781135355825944e-16
1.967720910385605848e-16
1.963438126372283995e-16
1.959155342358961895e-16
1.954872558345640042e-16
1.950589774332317942e-16
1.946306990318995842e-16
1.942024206305673989e-16
1.937741422292352135e-16
1.933458638279030036e-16
1.929175854265707936e-16
1.924893070252386083e-16
1.917660536104261287e-16
1.910428001956136492e-16
1.903195467808011697e-16
1.895962933659886902e-16
1.888730399511762106e-16
1.881497865363637311e-16
1.874265331215512516e-16
1.867032797067387721e-16
1.859800262919262926e-16
1.852567728771138130e-16
1.853775095467112266e-16
1.854982462163086402e-16
1.856189828859060538e-16
1.857397195555034674e-16
1.858604562251008810e-16
1.859811928946982699e-16
1.861019295642956835e-16
1.862226662338930971e-16
1.863434029034905107e-16
1.864641395730879242e-16
1.869677126528574314e-16
1.874712857326269631e-16
1.879748588123964703e-16
1.884784318921660020e-16
1.889820049719355092e-16
1.894855780517050163e-16
1.899891511314745481e-16
1.904927242112440552e-16
1.909962972910135870e-16
1.914998703707830941e-16
1.911085771772309766e-16
1.907172839836788837e-16
1.903259907901267909e-16
1.899346975965746734e-16
1.895434044030225559e-16
1.891521112094704630e-16
1.887608180159183702e-16
1.883695248223662526e-16
1.879782316288141351e-16
1.875869384352620423e-16
1.877508297983025817e-16
1.879147211613431212e-16
1.880786125243836607e-16
1.882425038874242001e-16
1.884063952504647642e-16
1.885702866135053037e-16
1.887341779765458432e-16
1.888980693395863826e-16
1.890619607026269221e-16
1.892258520656674616e-16
1.889654360747113600e-16
1.887050200837552585e-16
1.884446040927991816e-16
1.881841881018430801e-16
1.879237721108869786e-16
1.876633561199308771e-16
1.874029401289747756e-16
1.871425241380186987e-16
1.868821081470625972e-16
1.866216921561064957e-16
1.861533106902827000e-16
1.856849292244589043e-16
1.852165477586351086e-16
1.847481662928113130e-16
1.842797848269875173e-16
1.838114033611637463e-16
1.833430218953399506e-16
1.828746404295161549e-16
1.824062589636923593e-16
1.819378774978685636e-16
1.816888729967365966e-16
1.814398684956046543e-16
1.811908639944726874e-16
1.809418594933407450e-16
1.806928549922087781e-16
1.804438504910768111e-16
1.801948459899448688e-16
1.799458414888129018e-16
1.796968369876809595e-16
1.794478324865489926e-16
1.802026201740962978e-16
1.809574078616436030e-16
1.817121955491909083e-16
1.824669832367382135e-16
1.832217709242855187e-16
1.839765586118327993e-16
1.847313462993801045e-16
1.854861339869274098e-16
1.862409216744747150e-16
1.869957093620220202e-16
1.865489710099286793e-16
1.861022326578353383e-16
1.856554943057420220e-16
1.852087559536486811e-16
1.847620176015553401e-16
1.843152792494619991e-16
1.838685408973686582e-16
1.834218025452753419e-16
1.829750641931820009e-16
1.825283258410886599e-16
1.821313320997363351e-16
1.817343383583839857e-16
1.813373446170316609e-16
1.809403508756793361e-16
1.805433571343269866e-16
1.801463633929746618e-16
1.797493696516223370e-16
1.793523759102700122e-16
1.789553821689176627e-16
1.785583884275653379e-16
1.788852055231311217e-16
1.792120226186969302e-16
1.795388397142627141e-16
1.798656568098284979e-16
1.801924739053942818e-16
1.805192910009600903e-16
1.808461080965258741e-16
1.811729251920916580e-16
1.814997422876574665e-16
1.818265593832232503e-16
1.820033196532955759e-16
1.821800799233679015e-16
1.823568401934402025e-16
1.825336004635125281e-16
1.827103607335848537e-16
1.828871210036571793e-16
1.830638812737295050e-16
1.832406415438018059e-16
1.834174018138741315e-16
1.835941620839464571e-16
1.830801638522003609e-16
1.825661656204542646e-16
1.820521673887081683e-16
1.815381691569620720e-16
1.810241709252159758e-16
1.805101726934699041e-16
1.799961744617238079e-16
1.794821762299777116e-16
1.789681779982316153e-16
1.784541797664855190e-16
1.782733870686895774e-16
1.780925943708936112e-16
1.779118016730976696e-16
1.777310089753017034e-16
1.775502162775057618e-16
1.773694235797098202e-16
1.771886308819138539e-16
1.770078381841179123e-16
1.768270454863219461e-16
1.766462527885260045e-16
1.764210289123284960e-16
1.761958050361309876e-16
1.759705811599334545e-16
1.757453572837359461e-16
1.755201334075384376e-16
1.752949095313409292e-16
1.750696856551434208e-16
1.748444617789458877e-16
1.746192379027483792e-16
1.743940140265508708e-16
1.745198013608728325e-16
1.746455886951947696e-16
1.747713760295167313e-16
1.748971633638386684e-16
1.750229506981606302e-16
1.751487380324825919e-16
1.752745253668045290e-16
1.754003127011264907e-16
1.755261000354484278e-16
1.756518873697703895e-16
1.765037337087475561e-16
1.773555800477246980e-16
1.782074263867018646e-16
1.790592727256790312e-16
1.799111190646561978e-16
1.807629654036333398e-16
1.816148117426105064e-16
1.824666580815876730e-16
1.833185044205648149e-16
1.841703507595419815e-16
1.838242611741849638e-16
1.834781715888279461e-16
1.831320820034709531e-16
1.827859924181139354e-16
1.824399028327569177e-16
1.820938132473999000e-16
1.817477236620428824e-16
1.814016340766858893e-16
1.810555444913288716e-16
1.807094549059718540e-16
1.807422063112428235e-16
1.807749577165137930e-16
1.808077091217847625e-16
1.808404605270557320e-16
1.808732119323267015e-16
1.809059633375976464e-16
1.809387147428686159e-16
1.809714661481395854e-16
1.810042175534105549e-16
1.810369689586815244e-16
1.808666797798884307e-16
1.806963906010953371e-16
1.805261014223022434e-16
1.803558122435091497e-16
1.801855230647160560e-16
1.800152338859229623e-16
1.798449447071298686e-16
1.796746555283367749e-16
1.795043663495436812e-16
1.793340771707505875e-16
1.789485073571897507e-16
1.785629375436288892e-16
1.781773677300680525e-16
1.777917979165071910e-16
1.774062281029463543e-16
1.770206582893855175e-16
1.766350884758246560e-16
1.762495186622638193e-16
1.758639488487029578e-16
1.754783790351421210e-16
1.760086222098930504e-16
1.765388653846440044e-16
1.770691085593949337e-16
1.775993517341458630e-16
1.781295949088967924e-16
1.786598380836477463e-16
1.791900812583986757e-16
1.797203244331496050e-16
1.802505676079005590e-16
1.807808107826514883e-16
1.809868572606867749e-16
1.811929037387220862e-16
1.813989502167573728e-16
1.816049966947926594e-16
1.818110431728279460e-16
1.820170896508632572e-16
1.822231361288985439e-16
1.824291826069338305e-16
1.826352290849691417e-16
1.828412755630044283e-16
1.826793436828797326e-16
1.825174118027550122e-16
1.823554799226302918e-16
1.821935480425055960e-16
1.820316161623809003e-16
1.818696842822561799e-16
1.817077524021314595e-16
1.815458205220067638e-16
1.813838886418820680e-16
1.812219567617573476e-16
1.810003811761053411e-16
1.807788055904533346e-16
1.805572300048013281e-16
1.803356544191493216e-16
1.801140788334973151e-16
1.798925032478452839e-16
1.796709276621932774e-16
1.794493520765412709e-16
1.792277764908892644e-16
1.790062009052372579e-16
1.795671064287762490e-16
1.801280119523152400e-16
1.806889174758542311e-16
1.812498229993932221e-16
1.818107285229322131e-16
1.823716340464711795e-16
1.829325395700101706e-16
1.834934450935491616e-16
1.840543506170881527e-16
1.846152561406271437e-16
1.844206075677430961e-16
1.842259589948590238e-16
1.840313104219749761e-16
1.838366618490909038e-16
1.836420132762068562e-16
1.834473647033228085e-16
1.832527161304387363e-16
1.830580675575546886e-16
1.828634189846706163e-16
1.826687704117865687e-16
1.820859791018603635e-16
1.815031877919341338e-16
1.809203964820079040e-16
1.803376051720816989e-16
1.797548138621554937e-16
1.791720225522292639e-16
1.785892312423030342e-16
1.780064399323768290e-16
1.774236486224506239e-16
1.768408573125243941e-16
1.773451383502667752e-16
1.778494193880091809e-16
1.783537004257515619e-16
1.788579814634939676e-16
1.793622625012363487e-16
1.798665435389787298e-16
1.803708245767211355e-16
1.808751056144635165e-16
1.813793866522059222e-16
1.818836676899483033e-16
1.823784844251723366e-16
1.828733011603963700e-16
1.833681178956204034e-16
1.838629346308444367e-16
1.843577513660684701e-16
1.848525681012925281e-16
1.853473848365165615e-16
1.858422015717405948e-16
1.863370183069646282e-16
1.868318350421886615e-16
1.864756561181012172e-16
1.861194771940137482e-16
1.857632982699263039e-16
1.854071193458388349e-16
1.850509404217513906e-16
1.846947614976639463e-16
1.843385825735764773e-16
1.839824036494890330e-16
1.836262247254015640e-16
1.832700458013141197e-16
1.825439592633346495e-16
1.818178727253551793e-16
1.810917861873757091e-16
1.803656996493962389e-16
1.796396131114167686e-16
1.789135265734373231e-16
1.781874400354578529e-16
1.774613534974783826e-16
1.767352669594989124e-16
1.760091804215194422e-16
1.760636382411795204e-16
1.761180960608395739e-16
1.761725538804996520e-16
1.762270117001597056e-16
1.762814695198197837e-16
1.763359273394798619e-16
1.763903851591399154e-16
1.764448429787999935e-16
1.764993007984600470e-16
1.765537586181201252e-16
1.771460008202653687e-16
1.777382430224106368e-16
1.783304852245558803e-16
1.789227274267011484e-16
1.795149696288463918e-16
1.801072118309916353e-16
1.806994540331369034e-16
1.812916962352821469e-16
1.818839384374274150e-16
1.824761806395726585e-16
1.816887644102821744e-16
1.809013481809916657e-16
1.801139319517011816e-16
1.793265157224106975e-16
1.785390994931201888e-16
1.777516832638297047e-16
1.769642670345392206e-16
1.761768508052487365e-16
1.753894345759582278e-16
1.746020183466677437e-16
1.745181959747374674e-16
1.744343736028072156e-16
1.743505512308769392e-16
1.742667288589466628e-16
1.741829064870164111e-16
1.740990841150861347e-16
1.740152617431558583e-16
1.739314393712255819e-16
1.738476169992953302e-16
1.737637946273650538e-16
1.738906243384023390e-16
1.740174540494396243e-16
1.741442837604769341e-16
1.742711134715142194e-16
1.743979431825515046e-16
1.745247728935887898e-16
1.746516026046260750e-16
1.747784323156633849e-16
1.749052620267006701e-16
1.750320917377379553e-16
1.755119785076065173e-16
1.759918652774750792e-16
1.764717520473436658e-16
1.769516388172122278e-16
1.774315255870807897e-16
1.779114123569493517e-16
1.783912991268179136e-16
1.788711858966865002e-16
1.793510726665550622e-16
1.798309594364236241e-16
1.800948356023602105e-16
1.803587117682967968e-16
1.806225879342333584e-16
1.808864641001699447e-16
1.811503402661065311e-16
1.814142164320431174e-16
1.816780925979797037e-16
1.819419687639162653e-16
1.822058449298528517e-16
1.824697210957894380e-16
1.822577081721671974e-16
1.820456952485449322e-16
1.818336823249226916e-16
1.816216694013004511e-16
1.814096564776781859e-16
1.811976435540559453e-16
1.809856306304337048e-16
1.807736177068114642e-16
1.805616047831891990e-16
1.803495918595669584e-16
1.797467720284286650e-16
1.791439521972903717e-16
1.785411323661520783e-16
1.779383125350137849e-16
1.773354927038755162e-16
1.767326728727372228e-16
1.761298530415989294e-16
1.755270332104606360e-16
1.749242133793223426e-16
1.743213935481840492e-16
1.744755969943398206e-16
1.746298004404956166e-16
1.747840038866513879e-16
1.749382073328071839e-16
1.750924107789629553e-16
1.752466142251187266e-16
1.754008176712745226e-16
1.755550211174302940e-16
1.757092245635860900e-16
1.758634280097418613e-16
1.763047131646336189e-16
1.767459983195253766e-16
1.771872834744171342e-16
1.776285686293088919e-16
1.780698537842006495e-16
1.785111389390923825e-16
1.789524240939841401e-16
1.793937092488758977e-16
1.798349944037676554e-16
1.802762795586594130e-16
1.799376601907705763e-16
1.795990408228817396e-16
1.792604214549928782e-16
1.789218020871040415e-16
1.785831827192152048e-16
1.782445633513263680e-16
1.779059439834375313e-16
1.775673246155486699e-16
1.772287052476598332e-16
1.768900858797709965e-16
1.761370462168579841e-16
1.753840065539449716e-16
1.746309668910319592e-16
1.738779272281189468e-16
1.731248875652059590e-16
1.723718479022929465e-16
1.716188082393799341e-16
1.708657685764669217e-16
1.701127289135539092e-16
1.693596892506408968e-16
1.694153130629984719e-16
1.694709368753560224e-16
1.695265606877135975e-16
1.695821845000711726e-16
1.696378083124287477e-16
1.696934321247862982e-16
1.697490559371438733e-16
1.698046797495014484e-16
1.698603035618589989e-16
1.699159273742165740e-16
1.700298602465851487e-16
1.701437931189537235e-16
1.702577259913223228e-16
1.703716588636908976e-16
1.704855917360594723e-16
1.705995246084280470e-16
1.707134574807966217e-16
1.708273903531652211e-16
1.709413232255337958e-16
1.710552560979023706e-16
1.709144782563410096e-16
1.707737004147796487e-16
1.706329225732183124e-16
1.704921447316569515e-16
1.703513668900955906e-16
1.702105890485342297e-16
1.700698112069728688e-16
1.699290333654115325e-16
1.697882555238501716e-16
1.696474776822888107e-16
1.695078725648548738e-16
1.693682674474209123e-16
1.692286623299869755e-16
1.690890572125530140e-16
1.689494520951190771e-16
1.688098469776851403e-16
1.686702418602511788e-16
1.685306367428172419e-16
1.683910316253832804e-16
1.682514265079493436e-16
1.685145758891312799e-16
1.687777252703131916e-16
1.690408746514951280e-16
1.693040240326770643e-16
1.695671734138590007e-16
1.698303227950409124e-16
1.700934721762228487e-16
1.703566215574047851e-16
1.706197709385866968e-16
1.708829203197686331e-16
1.713968310741021501e-16
1.719107418284356672e-16
1.724246525827691842e-16
1.729385633371027012e-16
1.734524740914362182e-16
1.739663848457697106e-16
1.744802956001032276e-16
1.749942063544367447e-16
1.755081171087702617e-16
1.760220278631037787e-16
1.755793347406536271e-16
1.751366416182034755e-16
1.746939484957532992e-16
1.742512553733031476e-16
1.738085622508529960e-16
1.733658691284028444e-16
1.729231760059526927e-16
1.724804828835025165e-16
1.720377897610523649e-16
1.715950966386022133e-16
1.711567043229668148e-16
1.707183120073314163e-16
1.702799196916959932e-16
1.698415273760605948e-16
1.694031350604251963e-16
1.689647427447897979e-16
1.685263504291543994e-16
1.680879581135189763e-16
1.676495657978835778e-16
1.672111734822481794e-16
1.675020279786838689e-16
1.677928824751195585e-16
1.680837369715552480e-16
1.683745914679909375e-16
1.686654459644266517e-16
1.689563004608623413e-16
1.692471549572980308e-16
1.695380094537337203e-16
1.698288639501694099e-16
1.701197184466050994e-16
1.697596782798180993e-16
1.693996381130310992e-16
1.690395979462440745e-16
1.686795577794570744e-16
1.683195176126700743e-16
1.679594774458830742e-16
1.675994372790960741e-16
1.672393971123090493e-16
1.668793569455220492e-16
1.665193167787350491e-16
1.666328066233964335e-16
1.667462964680578180e-16
1.668597863127192024e-16
1.669732761573805869e-16
1.670867660020419713e-16
1.672002558467033557e-16
1.673137456913647402e-16
1.674272355360261246e-16
1.675407253806875091e-16
1.676542152253488935e-16
1.669714587924039983e-16
1.662887023594591031e-16
1.656059459265142079e-16
1.649231894935693127e-16
1.642404330606244175e-16
1.635576766276795223e-16
1.628749201947346271e-16
1.621921637617897320e-16
1.615094073288448368e-16
1.608266508958999416e-16
1.609418325287437233e-16
1.610570141615875051e-16
1.611721957944313115e-16
1.612873774272750933e-16
1.614025590601188751e-16
1.615177406929626568e-16
1.616329223258064386e-16
1.617481039586502450e-16
1.618632855914940268e-16
1.619784672243378086e-16
1.620391644302375875e-16
1.620998616361373665e-16
1.621605588420371701e-16
1.622212560479369491e-16
1.622819532538367281e-16
1.623426504597365071e-16
1.624033476656362861e-16
1.624640448715360897e-16
1.625247420774358687e-16
1.625854392833356477e-16
1.624896028040973013e-16
1.623937663248589549e-16
1.622979298456205839e-16
1.622020933663822376e-16
1.621062568871438912e-16
1.620104204079055449e-16
1.619145839286671985e-16
1.618187474494288275e-16
1.617229109701904812e-16
1.616270744909521348e-16
1.619875545253946966e-16
1.623480345598372830e-16
1.627085145942798448e-16
1.630689946287224066e-16
1.634294746631649930e-16
1.637899546976075548e-16
1.641504347320501166e-16
1.645109147664926784e-16
1.648713948009352648e-16
1.652318748353778266e-16
1.653895402477215482e-16
1.655472056600652945e-16
1.657048710724090161e-16
1.658625364847527377e-16
1.660202018970964840e-16
1.661778673094402056e-16
1.663355327217839272e-16
1.664931981341276488e-16
1.666508635464713951e-16
1.668085289588151167e-16
1.663727307754869333e-16
1.659369325921587744e-16
1.655011344088305909e-16
1.650653362255024321e-16
1.646295380421742486e-16
1.641937398588460651e-16
1.637579416755179063e-16
1.633221434921897228e-16
1.628863453088615640e-16
1.624505471255333805e-16
1.621707996209833317e-16
1.618910521164332582e-16
1.616113046118832093e-16
1.613315571073331605e-16
1.610518096027830870e-16
1.607720620982330381e-16
1.604923145936829893e-16
1.602125670891329405e-16
1.599328195845828670e-16
1.596530720800328181e-16
1.599594934492809054e-16
1.602659148185289927e-16
1.605723361877770800e-16
1.608787575570251672e-16
1.611851789262732545e-16
1.614916002955213418e-16
1.617980216647694291e-16
1.621044430340175163e-16
1.624108644032656036e-16
1.627172857725136909e-16
1.632841735287669673e-16
1.638510612850202683e-16
1.644179490412735447e-16
1.649848367975268210e-16
1.655517245537801221e-16
1.661186123100333984e-16
1.666855000662866748e-16
1.672523878225399512e-16
1.678192755787932522e-16
1.683861633350465286e-16
1.682391558019632465e-16
1.680921482688799399e-16
1.679451407357966332e-16
1.677981332027133512e-16
1.676511256696300691e-16
1.675041181365467625e-16
1.673571106034634558e-16
1.672101030703801738e-16
1.670630955372968917e-16
1.669160880042135851e-16
1.656750487011613415e-16
1.644340093981090734e-16
1.631929700950568052e-16
1.619519307920045616e-16
1.607108914889522935e-16
1.594698521859000499e-16
1.582288128828477817e-16
1.569877735797955382e-16
1.557467342767432947e-16
1.545056949736910265e-16
1.550581019559828293e-16
1.556105089382746322e-16
1.561629159205664350e-16
1.567153229028582378e-16
1.572677298851500407e-16
1.578201368674418681e-16
1.583725438497336710e-16
1.589249508320254738e-16
1.594773578143172766e-16
1.600297647966090795e-16
1.604282428409540615e-16
1.608267208852990189e-16
1.612251989296439763e-16
1.616236769739889583e-16
1.620221550183339404e-16
1.624206330626788978e-16
1.628191111070238552e-16
1.632175891513688372e-16
1.636160671957138193e-16
1.640145452400587766e-16
1.634850369084886258e-16
1.629555285769184997e-16
1.624260202453483488e-16
1.618965119137781980e-16
1.613670035822080472e-16
1.608374952506379210e-16
1.603079869190677702e-16
1.597784785874976194e-16
1.592489702559274932e-16
1.587194619243573424e-16
1.593204036576338244e-16
1.599213453909102818e-16
1.605222871241867639e-16
1.611232288574632459e-16
1.617241705907397033e-16
1.623251123240161853e-16
1.629260540572926674e-16
1.635269957905691494e-16
1.641279375238456068e-16
1.647288792571220889e-16
1.647795524116135039e-16
1.648302255661049435e-16
1.648808987205963585e-16
1.649315718750877734e-16
1.649822450295791884e-16
1.650329181840706281e-16
1.650835913385620430e-16
1.651342644930534580e-16
1.651849376475448977e-16
1.652356108020363126e-16
1.655622816686447656e-16
1.658889525352531939e-16
1.662156234018616469e-16
1.665422942684700998e-16
1.668689651350785528e-16
1.671956360016869811e-16
1.675223068682954340e-16
1.678489777349038870e-16
1.681756486015123153e-16
1.685023194681207682e-16
1.686269724007159816e-16
1.687516253333111950e-16
1.688762782659063837e-16
1.690009311985015971e-16
1.691255841310968104e-16
1.692502370636920238e-16
1.693748899962872372e-16
1.694995429288824259e-16
1.696241958614776393e-16
1.697488487940728526e-16
1.694291272756091647e-16
1.691094057571454767e-16
1.687896842386817887e-16
1.684699627202181007e-16
1.681502412017544127e-16
1.678305196832907247e-16
1.675107981648270368e-16
1.671910766463633488e-16
1.668713551278996608e-16
1.665516336094359728e-16
1.670303561241354276e-16
1.675090786388348578e-16
1.679878011535343126e-16
1.684665236682337427e-16
1.689452461829331975e-16
1.694239686976326523e-16
1.699026912123320825e-16
1.703814137270315373e-16
1.708601362417309674e-16
1.713388587564304222e-16
1.706310932492164779e-16
1.699233277420025336e-16
1.692155622347885892e-16
1.685077967275746449e-16
1.678000312203607006e-16
1.670922657131467316e-16
1.663845002059327873e-16
1.656767346987188430e-16
1.649689691915048986e-16
1.642612036842909543e-16
1.639641200397273099e-16
1.636670363951636656e-16
1.633699527506000212e-16
1.630728691060363768e-16
1.627757854614727324e-16
1.624787018169090634e-16
1.621816181723454190e-16
1.618845345277817747e-16
1.615874508832181303e-16
1.612903672386544859e-16
1.625828773774868157e-16
1.638753875163191702e-16
1.651678976551515000e-16
1.664604077939838545e-16
1.677529179328161843e-16
1.690454280716485141e-16
1.703379382104808686e-16
1.716304483493131984e-16
1.729229584881455528e-16
1.742154686269778826e-16
1.739487234638589288e-16
1.736819783007399750e-16
1.734152331376210459e-16
1.731484879745020921e-16
1.728817428113831383e-16
1.726149976482641845e-16
1.723482524851452307e-16
1.720815073220263015e-16
1.718147621589073477e-16
1.715480169957883939e-16
1.715480626591167458e-16
1.715481083224450978e-16
1.715481539857734497e-16
1.715481996491018016e-16
1.715482453124301536e-16
1.715482909757585302e-16
1.715483366390868821e-16
1.715483823024152340e-16
1.715484279657435860e-16
1.715484736290719379e-16
1.709703284341331766e-16
1.703921832391944399e-16
1.698140380442556786e-16
1.692358928493169419e-16
1.686577476543781805e-16
1.680796024594394192e-16
1.675014572645006825e-16
1.669233120695619212e-16
1.663451668746231845e-16
1.657670216796844232e-16
1.650970086366002162e-16
1.644269955935160092e-16
1.637569825504318023e-16
1.630869695073475953e-16
1.624169564642633883e-16
1.617469434211791813e-16
1.610769303780949743e-16
1.604069173350107674e-16
1.597369042919265604e-16
1.590668912488423534e-16
1.599266795769834948e-16
1.607864679051246362e-16
1.616462562332657776e-16
1.625060445614069190e-16
1.633658328895480850e-16
1.642256212176892264e-16
1.650854095458303678e-16
1.659451978739715092e-16
1.668049862021126506e-16
1.676647745302537920e-16
1.678409395794302815e-16
1.680171046286067957e-16
1.681932696777832853e-16
1.683694347269597994e-16
1.685455997761362890e-16
1.687217648253127785e-16
1.688979298744892927e-16
1.690740949236657822e-16
1.692502599728422964e-16
1.694264250220187859e-16
1.686344045573700095e-16
1.678423840927212332e-16
1.670503636280724322e-16
1.662583431634236558e-16
1.654663226987748795e-16
1.646743022341261031e-16
1.638822817694773267e-16
1.630902613048285257e-16
1.622982408401797494e-16
1.615062203755309730e-16
1.614668905232618974e-16
1.614275606709928218e-16
1.613882308187237463e-16
1.613489009664546707e-16
1.613095711141855951e-16
1.612702412619165195e-16
1.612309114096474439e-16
1.611915815573783683e-16
1.611522517051092928e-16
1.611129218528402172e-16
1.617598225555042997e-16
1.624067232581683575e-16
1.630536239608324399e-16
1.637005246634964978e-16
1.643474253661605802e-16
1.649943260688246627e-16
1.656412267714887205e-16
1.662881274741528030e-16
1.669350281768168608e-16
1.675819288794809433e-16
1.683782847244474097e-16
1.691746405694139008e-16
1.699709964143803673e-16
1.707673522593468584e-16
1.715637081043133248e-16
1.723600639492797913e-16
1.731564197942462824e-16
1.739527756392127489e-16
1.747491314841792400e-16
1.755454873291457064e-16
1.749512043355915592e-16
1.743569213420374119e-16
1.737626383484832400e-16
1.731683553549290928e-16
1.725740723613749455e-16
1.719797893678207983e-16
1.713855063742666510e-16
1.707912233807124791e-16
1.701969403871583318e-16
1.696026573936041846e-16
1.693233649362739364e-16
1.690440724789436636e-16
1.687647800216134154e-16
1.684854875642831672e-16
1.682061951069528944e-16
1.679269026496226462e-16
1.676476101922923980e-16
1.673683177349621499e-16
1.670890252776318770e-16
1.668097328203016289e-16
1.670133603349940113e-16
1.672169878496864185e-16
1.674206153643788010e-16
1.676242428790712081e-16
1.678278703937635906e-16
1.680314979084559730e-16
1.682351254231483802e-16
1.684387529378407627e-16
1.686423804525331698e-16
1.688460079672255523e-16
1.688180971308800483e-16
1.687901862945345690e-16
1.687622754581890650e-16
1.687343646218435610e-16
1.687064537854980817e-16
1.686785429491525777e-16
1.686506321128070737e-16
1.686227212764615697e-16
1.685948104401160904e-16
1.685668996037705864e-16
1.687748671115161193e-16
1.689828346192616523e-16
1.691908021270071852e-16
1.693987696347527181e-16
1.696067371424982510e-16
1.698147046502437839e-16
1.700226721579893168e-16
1.702306396657348498e-16
1.704386071734803827e-16
1.706465746812259156e-16
1.706054218203961194e-16
1.705642689595663478e-16
1.705231160987365515e-16
1.704819632379067799e-16
1.704408103770769837e-16
1.703996575162471874e-16
1.703585046554174158e-16
1.703173517945876196e-16
1.702761989337578480e-16
1.702350460729280518e-16
1.696843799514362716e-16
1.691337138299444914e-16
1.685830477084527358e-16
1.680323815869609557e-16
1.674817154654691755e-16
1.669310493439773953e-16
1.663803832224856151e-16
1.658297171009938596e-16
1.652790509795020794e-16
1.647283848580102992e-16
1.661597612966701606e-16
1.675911377353300221e-16
1.690225141739898835e-16
1.704538906126497450e-16
1.718852670513096064e-16
1.733166434899694432e-16
1.747480199286293047e-16
1.761793963672891661e-16
1.776107728059490276e-16
1.790421492446088890e-16
1.809851605861897366e-16
1.829281719277705843e-16
1.848711832693514319e-16
1.868141946109322795e-16
1.887572059525131025e-16
1.907002172940939501e-16
1.926432286356747977e-16
1.945862399772556453e-16
1.965292513188364930e-16
1.984722626604173406e-16
1.963236323431848698e-16
1.941750020259523744e-16
1.920263717087199037e-16
1.898777413914874329e-16
1.877291110742549622e-16
1.855804807570224668e-16
1.834318504397899960e-16
1.812832201225575253e-16
1.791345898053250298e-16
1.769859594880925591e-16
1.765420649344275181e-16
1.760981703807624770e-16
1.756542758270974360e-16
1.752103812734323950e-16
1.747664867197673293e-16
1.743225921661022883e-16
1.738786976124372472e-16
1.734348030587722062e-16
1.729909085051071652e-16
1.725470139514421241e-16
1.723069268927275974e-16
1.720668398340130706e-16
1.718267527752985439e-16
1.715866657165840171e-16
1.713465786578695150e-16
1.711064915991549882e-16
1.708664045404404615e-16
1.706263174817259347e-16
1.703862304230114080e-16
1.701461433642968812e-16
1.707845429613790383e-16
1.714229425584611954e-16
1.720613421555433525e-16
1.726997417526255096e-16
1.733381413497076420e-16
1.739765409467897991e-16
1.746149405438719562e-16
1.752533401409541133e-16
1.758917397380362704e-16
1.765301393351184275e-16
1.765177590217738143e-16
1.765053787084292257e-16
1.764929983950846125e-16
1.764806180817400240e-16
1.764682377683954107e-16
1.764558574550507975e-16
1.764434771417062090e-16
1.764310968283615957e-16
1.764187165150170072e-16
1.764063362016723940e-16
1.759899588195735467e-16
1.755735814374747242e-16
1.751572040553758770e-16
1.747408266732770544e-16
1.743244492911782072e-16
1.739080719090793599e-16
1.734916945269805374e-16
1.730753171448816902e-16
1.726589397627828676e-16
1.722425623806840204e-16
1.721832630359429272e-16
1.721239636912018586e-16
1.720646643464607654e-16
1.720053650017196722e-16
1.719460656569785790e-16
1.718867663122375104e-16
1.718274669674964172e-16
1.717681676227553240e-16
1.717088682780142555e-16
1.716495689332731623e-16
1.719440545378826923e-16
1.722385401424922223e-16
1.725330257471017523e-16
1.728275113517112823e-16
1.731219969563208123e-16
1.734164825609303423e-16
1.737109681655398723e-16
1.740054537701494023e-16
1.742999393747589323e-16
1.745944249793684623e-16
1.752453249126434578e-16
1.758962248459184780e-16
1.765471247791934734e-16
1.771980247124684689e-16
1.778489246457434891e-16
1.784998245790184846e-16
1.791507245122934801e-16
1.798016244455684755e-16
1.804525243788434957e-16
1.811034243121184912e-16
1.816171290156795572e-16
1.821308337192406232e-16
1.826445384228016893e-16
1.831582431263627553e-16
1.836719478299238213e-16
1.841856525334848873e-16
1.846993572370459533e-16
1.852130619406070194e-16
1.857267666441680854e-16
1.862404713477291514e-16
1.865905664029769790e-16
1.869406614582248312e-16
1.872907565134726834e-16
1.876408515687205110e-16
1.879909466239683386e-16
1.883410416792161908e-16
1.886911367344640430e-16
1.890412317897118706e-16
1.893913268449596981e-16
1.897414219002075504e-16
1.897955782955385193e-16
1.898497346908694635e-16
1.899038910862004077e-16
1.899580474815313766e-16
1.900122038768623455e-16
1.900663602721932898e-16
1.901205166675242340e-16
1.901746730628552029e-16
1.902288294581861718e-16
1.902829858535171161e-16
1.894722796363268238e-16
1.886615734191365316e-16
1.878508672019462394e-16
1.870401609847559471e-16
1.862294547675656549e-16
1.854187485503753627e-16
1.846080423331850705e-16
1.837973361159947782e-16
1.829866298988044860e-16
1.821759236816141938e-16
1.822137167050247600e-16
1.822515097284353015e-16
1.822893027518458677e-16
1.823270957752564092e-16
1.823648887986669754e-16
1.824026818220775416e-16
1.824404748454880831e-16
1.824782678688986493e-16
1.825160608923091908e-16
1.825538539157197570e-16
1.822333430165110358e-16
1.819128321173023392e-16
1.815923212180936180e-16
1.812718103188848968e-16
1.809512994196761755e-16
1.806307885204674790e-16
1.803102776212587577e-16
1.799897667220500365e-16
1.796692558228413399e-16
1.793487449236326187e-16
1.791439987168064912e-16
1.789392525099803883e-16
1.787345063031542608e-16
1.785297600963281333e-16
1.783250138895020058e-16
1.781202676826759029e-16
1.779155214758497754e-16
1.777107752690236479e-16
1.775060290621975450e-16
1.773012828553714175e-16
1.764534764382708778e-16
1.756056700211703381e-16
1.747578636040697984e-16
1.739100571869692587e-16
1.730622507698687190e-16
1.722144443527682040e-16
1.713666379356676643e-16
1.705188315185671246e-16
1.696710251014665849e-16
1.688232186843660452e-16
1.684610123188572922e-16
1.680988059533485638e-16
1.677365995878398107e-16
1.673743932223310577e-16
1.670121868568223046e-16
1.666499804913135762e-16
1.662877741258048232e-16
1.659255677602960701e-16
1.655633613947873417e-16
1.652011550292785887e-16
1.650087761538752936e-16
1.648163972784719985e-16
1.646240184030687035e-16
1.644316395276654084e-16
1.642392606522621133e-16
1.640468817768588429e-16
1.638545029014555479e-16
1.636621240260522528e-16
1.634697451506489577e-16
1.632773662752456627e-16
1.640766259790012690e-16
1.648758856827568754e-16
1.656751453865124818e-16
1.664744050902680882e-16
1.672736647940237192e-16
1.680729244977793256e-16
1.688721842015349320e-16
1.696714439052905384e-16
1.704707036090461448e-16
1.712699633128017512e-16
1.717750293116781206e-16
1.722800953105544654e-16
1.727851613094308349e-16
1.732902273083072044e-16
1.737952933071835739e-16
1.743003593060599187e-16
1.748054253049362882e-16
1.753104913038126576e-16
1.758155573026890025e-16
1.763206233015653719e-16
1.761763854810892836e-16
1.760321476606131952e-16
1.758879098401370822e-16
1.757436720196609939e-16
1.755994341991849055e-16
1.754551963787088172e-16
1.753109585582327288e-16
1.751667207377566158e-16
1.750224829172805274e-16
1.748782450968044391e-16
1.745490414699998923e-16
1.742198378431953455e-16
1.738906342163908234e-16
1.735614305895862766e-16
1.732322269627817299e-16
1.729030233359771831e-16
1.725738197091726363e-16
1.722446160823681142e-16
1.719154124555635674e-16
1.715862088287590206e-16
1.706825670944903173e-16
1.697789253602215892e-16
1.688752836259528859e-16
1.679716418916841578e-16
1.670680001574154545e-16
1.661643584231467511e-16
1.652607166888780231e-16
1.643570749546093197e-16
1.634534332203405917e-16
1.625497914860718883e-16
1.627255399504452350e-16
1.629012884148185570e-16
1.630770368791918790e-16
1.632527853435652257e-16
1.634285338079385724e-16
1.636042822723118944e-16
1.637800307366852164e-16
1.639557792010585631e-16
1.641315276654319098e-16
1.643072761298052318e-16
1.644863648745799417e-16
1.646654536193546517e-16
1.648445423641293616e-16
1.650236311089040716e-16
1.652027198536787815e-16
1.653818085984534668e-16
1.655608973432281768e-16
1.657399860880028867e-16
1.659190748327775967e-16
1.660981635775523066e-16
1.651363326637813309e-16
1.641745017500103305e-16
1.632126708362393548e-16
1.622508399224683790e-16
1.612890090086974033e-16
1.603271780949264029e-16
1.593653471811554272e-16
1.584035162673844514e-16
1.574416853536134510e-16
1.564798544398424753e-16
1.564338856671779277e-16
1.563879168945133555e-16
1.563419481218487833e-16
1.562959793491842357e-16
1.562500105765196882e-16
1.562040418038551159e-16
1.561580730311905437e-16
1.561121042585259961e-16
1.560661354858614486e-16
1.560201667131968764e-16
1.565340154315252989e-16
1.570478641498537461e-16
1.575617128681821687e-16
1.580755615865105913e-16
1.585894103048390138e-16
1.591032590231674611e-16
1.596171077414958836e-16
1.601309564598243062e-16
1.606448051781527534e-16
1.611586538964811760e-16
1.607660770257456378e-16
1.603735001550100996e-16
1.599809232842745614e-16
1.595883464135390233e-16
1.591957695428035097e-16
1.588031926720679716e-16
1.584106158013324334e-16
1.580180389305968952e-16
1.576254620598613570e-16
1.572328851891258188e-16
1.576738827041964208e-16
1.581148802192670228e-16
1.585558777343376248e-16
1.589968752494082268e-16
1.594378727644788288e-16
1.598788702795494554e-16
1.603198677946200574e-16
1.607608653096906594e-16
1.612018628247612614e-16
1.616428603398318634e-16
1.628803052442664557e-16
1.641177501487010481e-16
1.653551950531356158e-16
1.665926399575702082e-16
1.678300848620048006e-16
1.690675297664393930e-16
1.703049746708739854e-16
1.715424195753085531e-16
1.727798644797431455e-16
1.740173093841777378e-16
1.729879237843219385e-16
1.719585381844661392e-16
1.709291525846103645e-16
1.698997669847545652e-16
1.688703813848987658e-16
1.678409957850429665e-16
1.668116101851871671e-16
1.657822245853313925e-16
1.647528389854755931e-16
1.637234533856197938e-16
1.630011429142058667e-16
1.622788324427919150e-16
1.615565219713779879e-16
1.608342114999640362e-16
1.601119010285501091e-16
1.593895905571361820e-16
1.586672800857222303e-16
1.579449696143083032e-16
1.572226591428943514e-16
1.565003486714804244e-16
1.560877648653337484e-16
1.556751810591870478e-16
1.552625972530403718e-16
1.548500134468936958e-16
1.544374296407469952e-16
1.540248458346003192e-16
1.536122620284536432e-16
1.531996782223069672e-16
1.527870944161602666e-16
1.523745106100135906e-16
1.534522474293321375e-16
1.545299842486507090e-16
1.556077210679692558e-16
1.566854578872878027e-16
1.577631947066063496e-16
1.588409315259249211e-16
1.599186683452434679e-16
1.609964051645620148e-16
1.620741419838805863e-16
1.631518788031991332e-16
1.643595305414721120e-16
1.655671822797450909e-16
1.667748340180180698e-16
1.679824857562910486e-16
1.691901374945640275e-16
1.703977892328370063e-16
1.716054409711099852e-16
1.728130927093829641e-16
1.740207444476559429e-16
1.752283961859289218e-16
1.737471973267153868e-16
1.722659984675018765e-16
1.707847996082883416e-16
1.693036007490748066e-16
1.678224018898612963e-16
1.663412030306477613e-16
1.648600041714342264e-16
1.633788053122206914e-16
1.618976064530071811e-16
1.604164075937936461e-16
1.599522180929642953e-16
1.594880285921349445e-16
1.590238390913055937e-16
1.585596495904762429e-16
1.580954600896469167e-16
1.576312705888175659e-16
1.571670810879882151e-16
1.567028915871588643e-16
1.562387020863295135e-16
1.557745125855001626e-16
1.559676088455898108e-16
1.561607051056794589e-16
1.563538013657691070e-16
1.565468976258587552e-16
1.567399938859484033e-16
1.569330901460380514e-16
1.571261864061276996e-16
1.573192826662173477e-16
1.575123789263069958e-16
1.577054751863966439e-16
1.579701010853315601e-16
1.582347269842664516e-16
1.584993528832013678e-16
1.587639787821362593e-16
1.590286046810711755e-16
1.592932305800060916e-16
1.595578564789409832e-16
1.598224823778758993e-16
1.600871082768107908e-16
1.603517341757457070e-16
1.608529510225090581e-16
1.613541678692724092e-16
1.618553847160357356e-16
1.623566015627990867e-16
1.628578184095624378e-16
1.633590352563257889e-16
1.638602521030891400e-16
1.643614689498524665e-16
1.648626857966158176e-16
1.653639026433791687e-16
1.652148605515510238e-16
1.650658184597228543e-16
1.649167763678947094e-16
1.647677342760665645e-16
1.646186921842384196e-16
1.644696500924102501e-16
1.643206080005821052e-16
1.641715659087539603e-16
1.640225238169257908e-16
1.638734817250976459e-16
1.641962879384457245e-16
1.645190941517938031e-16
1.648419003651418818e-16
1.651647065784899604e-16
1.654875127918380637e-16
1.658103190051861423e-16
1.661331252185342209e-16
1.664559314318822995e-16
1.667787376452303782e-16
1.671015438585784568e-16
1.671762691616824395e-16
1.672509944647864468e-16
1.673257197678904294e-16
1.674004450709944121e-16
1.674751703740983948e-16
1.675498956772024021e-16
1.676246209803063848e-16
1.676993462834103674e-16
1.677740715865143747e-16
1.678487968896183574e-16
1.677831133529647467e-16
1.677174298163111360e-16
1.676517462796575007e-16
1.675860627430038900e-16
1.675203792063502793e-16
1.674546956696966686e-16
1.673890121330430579e-16
1.673233285963894226e-16
1.672576450597358119e-16
1.671919615230822012e-16
1.666307974154492840e-16
1.660696333078163667e-16
1.655084692001834495e-16
1.649473050925505323e-16
1.643861409849175904e-16
1.638249768772846732e-16
1.632638127696517560e-16
1.627026486620188387e-16
1.621414845543859215e-16
1.615803204467530043e-16
1.613678581941703941e-16
1.611553959415877839e-16
1.609429336890051737e-16
1.607304714364225635e-16
1.605180091838399286e-16
1.603055469312573184e-16
1.600930846786747082e-16
1.598806224260920980e-16
1.596681601735094878e-16
1.594556979209268776e-16
1.599343257825466434e-16
1.604129536441663845e-16
1.608915815057861256e-16
1.613702093674058914e-16
1.618488372290256572e-16
1.623274650906453983e-16
1.628060929522651394e-16
1.632847208138849052e-16
1.637633486755046710e-16
1.642419765371244121e-16
1.648267474458172387e-16
1.654115183545100406e-16
1.659962892632028672e-16
1.665810601718956691e-16
1.671658310805884957e-16
1.677506019892813223e-16
1.683353728979741242e-16
1.689201438066669508e-16
1.695049147153597527e-16
1.700896856240525793e-16
1.735163418824489673e-16
1.769429981408453553e-16
1.803696543992417680e-16
1.837963106576381560e-16
1.872229669160345440e-16
1.906496231744309320e-16
1.940762794328273200e-16
1.975029356912237327e-16
2.009295919496201207e-16
2.043562482080165087e-16
2.018552631820225199e-16
1.993542781560285558e-16
1.968532931300345671e-16
1.943523081040406030e-16
1.918513230780466142e-16
1.893503380520526255e-16
1.868493530260586614e-16
1.843483680000646726e-16
1.818473829740707085e-16
1.793463979480767198e-16
1.774247544813630414e-16
1.755031110146493630e-16
1.735814675479357092e-16
1.716598240812220308e-16
1.697381806145083524e-16
1.678165371477946740e-16
1.658948936810809956e-16
1.639732502143673418e-16
1.620516067476536634e-16
1.601299632809399850e-16
1.610167010916099227e-16
1.619034389022798603e-16
1.627901767129497733e-16
1.636769145236197110e-16
1.645636523342896486e-16
1.654503901449595862e-16
1.663371279556295239e-16
1.672238657662994369e-16
1.681106035769693745e-16
1.689973413876393122e-16
1.684333743409348576e-16
1.678694072942303783e-16
1.673054402475259237e-16
1.667414732008214692e-16
1.661775061541169899e-16
1.656135391074125353e-16
1.650495720607080807e-16
1.644856050140036261e-16
1.639216379672991469e-16
1.633576709205946923e-16
1.628917664081250462e-16
1.624258618956554000e-16
1.619599573831857293e-16
1.614940528707160831e-16
1.610281483582464370e-16
1.605622438457767909e-16
1.600963393333071448e-16
1.596304348208374740e-16
1.591645303083678279e-16
1.586986257958981817e-16
1.597259862009163517e-16
1.607533466059345463e-16
1.617807070109527409e-16
1.628080674159709108e-16
1.638354278209890808e-16
1.648627882260072754e-16
1.658901486310254700e-16
1.669175090360436400e-16
1.679448694410618099e-16
1.689722298460800045e-16
1.691916352732914145e-16
1.694110407005028245e-16
1.696304461277142099e-16
1.698498515549256199e-16
1.700692569821370299e-16
1.702886624093484399e-16
1.705080678365598500e-16
1.707274732637712353e-16
1.709468786909826453e-16
1.711662841181940553e-16
1.716612486399668309e-16
1.721562131617396065e-16
1.726511776835123821e-16
1.731461422052851577e-16
1.736411067270579580e-16
1.741360712488307335e-16
1.746310357706035091e-16
1.751260002923762847e-16
1.756209648141490603e-16
1.761159293359218359e-16
1.751087668876330155e-16
1.741016044393441704e-16
1.730944419910553500e-16
1.720872795427665296e-16
1.710801170944777092e-16
1.700729546461888641e-16
1.690657921979000437e-16
1.680586297496112233e-16
1.670514673013223783e-16
1.660443048530335579e-16
1.661763045411379476e-16
1.663083042292423127e-16
1.664403039173467025e-16
1.665723036054510676e-16
1.667043032935554573e-16
1.668363029816598471e-16
1.669683026697642122e-16
1.671003023578686020e-16
1.672323020459729671e-16
1.673643017340773568e-16
1.672814351072073966e-16
1.671985684803374611e-16
1.671157018534675256e-16
1.670328352265975654e-16
1.669499685997276299e-16
1.668671019728576697e-16
1.667842353459877342e-16
1.667013687191177740e-16
1.666185020922478138e-16
1.665356354653778782e-16
1.669682009968454960e-16
1.674007665283130892e-16
1.678333320597807070e-16
1.682658975912483248e-16
1.686984631227159426e-16
1.691310286541835357e-16
1.695635941856511535e-16
1.699961597171187713e-16
1.704287252485863644e-16
1.708612907800539822e-16
1.702091410264296365e-16
1.695569912728052908e-16
1.689048415191809451e-16
1.682526917655565994e-16
1.676005420119322537e-16
1.669483922583079080e-16
1.662962425046835623e-16
1.656440927510592166e-16
1.649919429974348709e-16
1.643397932438105252e-16
1.638927400963726829e-16
1.634456869489348159e-16
1.629986338014969735e-16
1.625515806540591065e-16
1.621045275066212641e-16
1.616574743591834218e-16
1.612104212117455548e-16
1.607633680643077124e-16
1.603163149168698454e-16
1.598692617694320030e-16
1.599706622852794258e-16
1.600720628011268485e-16
1.601734633169742712e-16
1.602748638328216939e-16
1.603762643486691167e-16
1.604776648645165394e-16
1.605790653803639621e-16
1.606804658962113848e-16
1.607818664120588075e-16
1.608832669279062303e-16
1.612280080015062881e-16
1.615727490751063459e-16
1.619174901487063791e-16
1.622622312223064369e-16
1.626069722959064947e-16
1.629517133695065525e-16
1.632964544431066103e-16
1.636411955167066435e-16
1.639859365903067013e-16
1.643306776639067591e-16
1.641589187778622828e-16
1.639871598918178311e-16
1.638154010057733547e-16
1.636436421197288784e-16
1.634718832336844020e-16
1.633001243476399503e-16
1.631283654615954740e-16
1.629566065755509976e-16
1.627848476895065459e-16
1.626130888034620696e-16
1.626028287170258636e-16
1.625925686305896823e-16
1.625823085441534763e-16
1.625720484577172950e-16
1.625617883712810891e-16
1.625515282848448831e-16
1.625412681984087018e-16
1.625310081119724958e-16
1.625207480255363145e-16
1.625104879391001086e-16
1.627088331882817792e-16
1.629071784374634498e-16
1.631055236866451205e-16
1.633038689358267911e-16
1.635022141850084617e-16
1.637005594341901570e-16
1.638989046833718276e-16
1.640972499325534983e-16
1.642955951817351689e-16
1.644939404309168395e-16
1.648934476729903667e-16
1.652929549150639185e-16
1.656924621571374457e-16
1.660919693992109728e-16
1.664914766412845246e-16
1.668909838833580518e-16
1.672904911254315790e-16
1.676899983675051061e-16
1.680895056095786579e-16
1.684890128516521851e-16
1.601541015210135094e-16
1.518191901903748336e-16
1.434842788597361333e-16
1.351493675290974575e-16
1.268144561984587818e-16
1.184795448678201061e-16
1.101446335371814180e-16
1.018097222065427423e-16
9.347481087590405421e-17
8.513989954526537848e-17
